nodef	couple	education	revdispo	montant	age	objet	apport	prt	client	enfant	tempsplein	duree	type	interet	pel	PCS	courant
0	1	0	22.08	1.0e+06	18	0	0	0	1	3	1	1	2	3.03	1	1	1
0	1	0	29.58	1.0e+06	19	0	.15	0	1	3	1	1	2	3.039	1	1	1
0	1	0	21.67	1.0e+06	20	0	.3	0	1	3	1	1	2	3.048	1	1	1
0	1	0	20.17	1.0e+06	21	0	.45	0	1	3	1	1	2	3.057	1	1	1
0	1	0	15.83	1.0e+06	22	0	.6	0	1	3	1	1	2	3.066	1	1	1
0	1	0	17.42	1.1e+06	23	0	.75	0	1	3	1	1	1	3.075	1	1	1
0	1	0	58.67	1.1e+06	24	0	.9	0	1	3	1	1	2	3.084	1	1	1
0	1	0	27.83	1.1e+06	25	0	1.05	0	1	3	1	1	2	3.093	1	1	1
0	1	0	55.75	1.1e+06	26	0	1.2	0	1	3	1	1	2	3.102	1	1	1
0	1	0	33.5	1.1e+06	27	0	1.35	0	1	3	1	1	2	3.111	1	3	1
0	1	0	41.42	1.1e+06	28	1	1.5	0	1	3	1	1	2	3.12	1	3	1
0	1	0	20.67	1.1e+06	29	1	1.65	0	1	3	1	1	2	3.129	1	3	1
0	1	0	34.92	1.1e+06	30	1	1.8	0	1	3	1	1	2	3.138	1	3	1
0	1	0	58.58	1.2e+06	31	1	1.95	0	1	3	1	1	2	3.147	1	3	1
0	1	0	48.08	1.2e+06	32	1	2.1	0	1	3	1	1	2	3.156	1	3	1
0	1	0	29.58	1.2e+06	33	1	2.25	0	1	3	1	1	2	3.165	1	3	1
0	1	0	18.92	1.2e+06	34	1	2.4	0	1	3	1	1	2	3.174	1	3	1
0	1	0	20	1.2e+06	35	1	2.55	0	0	3	1	1	2	3.183	1	3	1
0	1	0	22.42	1.2e+06	36	1	2.7	0	0	2	1	1	2	3.192	1	3	1
0	1	0	28.17	1.2e+06	37	1	2.85	0	0	2	1	1	2	3.201	1	3	1
0	1	0	19.17	1.2e+06	38	1	3	0	0	2	1	1	2	3.21	1	3	1
0	1	0	41.17	1.3e+06	39	1	3.15	0	0	2	1	1	2	3.219	1	3	1
0	1	0	41.58	1.3e+06	22	1	3.3	0	0	2	1	1	2	3.228	1	3	1
0	1	0	19.5	1.3e+06	24	1	3.45	0	0	2	1	1	2	3.237	1	1	1
0	1	0	32.75	1.3e+06	26	1	3.6	0	0	2	1	1	2	3.246	1	1	1
0	1	0	22.5	1.3e+06	28	1	3.75	0	1	3	1	1	2	3.255	1	2	1
0	1	0	33.17	1.3e+06	30	1	3.9	0	1	3	1	1	2	4.264	1	2	1
0	1	0	30.67	1.3e+06	32	1	4.05	0	0	3	1	1	2	3.264	1	2	1
0	1	0	23.08	1.3e+06	34	1	4.2	0	0	3	1	2	2	3.273	1	2	1
0	1	0	27	1.3e+06	36	1	4.35	0	0	3	1	2	2	3.282	1	2	1
0	1	0	20.42	1.4e+06	38	1	4.5	0	0	3	1	2	2	3.291	1	2	1
0	1	0	52.33	1.4e+06	40	1	4.65	0	0	2	1	2	2	3.3	1	2	1
0	1	0	23.08	1.4e+06	42	0	4.8	0	0	2	1	2	2	3.309	1	2	1
0	1	0	42.83	1.4e+06	44	0	4.95	0	0	2	1	2	2	3.318	1	2	1
0	1	0	74.83	1.4e+06	46	0	5.1	0	0	2	1	2	2	3.327	1	2	1
0	1	0	25	1.4e+06	48	0	5.25	0	0	2	1	2	2	3.336	1	2	1
0	0	0	39.58	1.4e+06	50	0	5.4	0	0	2	1	2	2	3.345	1	2	1
0	1	0	47.75	1.4e+06	52	0	5.55	0	0	2	1	2	2	3.354	1	2	1
0	1	0	47.42	1.5e+06	54	0	5.7	0	0	2	1	2	2	3.363	1	2	2
0	1	0	23.17	1.5e+06	56	0	5.85	0	0	2	1	2	2	3.372	1	2	2
0	1	0	22.58	1.5e+06	30	0	6	0	0	2	1	2	2	3.381	1	2	2
0	1	0	26.75	1.5e+06	31	0	6.15	0	0	2	1	2	2	3.39	1	2	2
0	1	0	63.33	1.5e+06	32	0	6.3	0	0	2	1	2	2	3.399	1	2	2
0	1	0	23.75	1.5e+06	33	0	6.45	0	0	2	1	2	2	3.408	1	2	2
0	1	0	20.75	1.5e+06	34	0	6.6	0	0	2	1	2	2	3.417	1	2	2
0	1	0	24.5	1.5e+06	35	0	6.75	0	0	2	1	2	2	3.426	1	2	2
0	1	0	16.17	1.6e+06	36	0	6.9	0	0	2	1	2	2	4.453	1	3	2
0	1	0	29.5	1.6e+06	37	0	7.05	0	0	1	1	2	2	4.462	1	3	2
0	1	0	52.83	1.3e+06	38	0	7.2	0	0	2	1	3	2	4.471	1	3	2
0	1	1	32.33	1.3e+06	39	0	7.35	0	0	2	1	3	2	4.48	1	3	2
0	1	1	21.08	1.3e+06	40	0	7.5	0	0	2	1	3	2	4.489	1	3	2
0	1	1	28.17	1.4e+06	41	0	7.65	0	0	2	1	3	2	4.498	1	3	2
0	1	1	19	1.4e+06	42	0	7.8	0	0	1	1	3	2	4.507	1	3	2
0	1	1	27.58	1.4e+06	43	0	7.95	0	0	2	1	3	2	4.516	1	3	2
0	1	1	27.83	1.4e+06	44	0	8.1	0	0	2	1	3	1	4.525	1	3	2
0	1	1	40	1.4e+06	45	0	8.25	0	0	1	0	3	1	4.534	1	3	2
0	1	1	37.33	1.4e+06	46	0	8.4	0	0	1	0	3	1	3.516	1	3	2
0	1	1	42.5	1.5e+06	47	0	8.55	0	0	1	0	3	1	3.525	1	3	2
0	1	1	56.75	1.5e+06	48	0	8.7	0	0	1	0	3	1	3.534	1	3	2
0	1	1	43.17	1.5e+06	49	0	8.85	0	0	1	0	3	1	3.543	1	3	2
0	1	1	23.75	1.5e+06	50	0	9	0	0	1	0	3	1	3.552	1	3	2
0	0	1	18.5	1.5e+06	51	0	9.15	0	0	1	0	3	1	3.561	1	3	2
0	0	1	40.83	1.6e+06	21	0	9.3	1	0	2	0	3	1	3.57	1	1	2
0	1	1	24.5	1.6e+06	22	0	9.45	1	0	3	0	3	2	3.579	1	1	2
0	1	1	42	1.6e+06	23	0	9.6	1	0	3	0	3	2	3.588	1	1	2
0	1	1	19.5	1.6e+06	24	0	9.75	1	0	1	0	3	2	3.597	1	3	2
0	1	1	21.5	1.6e+06	25	0	9.9	1	0	1	0	3	2	3.606	1	1	2
0	1	1	31.25	1.6e+06	26	0	10.05	1	0	1	0	3	2	3.615	1	1	2
0	1	1	27.25	1.7e+06	27	0	10.2	1	0	1	0	3	2	3.624	1	3	2
0	1	1	48.75	1.7e+06	28	0	10.35	1	0	1	0	3	2	3.633	1	3	2
0	0	1	30.42	1.7e+06	29	0	10.5	1	0	1	0	3	2	3.642	1	3	2
0	0	0	29.42	1.7e+06	30	0	10.65	1	0	1	0	3	2	3.651	1	3	2
0	0	1	28.25	1.7e+06	31	0	10.8	1	0	1	0	3	2	3.66	1	3	2
0	0	1	40.25	1.8e+06	32	0	10.95	1	0	1	0	3	2	3.669	1	3	2
0	0	1	36.5	1.8e+06	33	0	11.1	1	0	1	0	3	2	3.678	1	3	2
0	0	1	25.58	1.8e+06	34	0	11.25	1	0	1	0	3	2	3.687	1	3	2
0	0	1	29.83	1.8e+06	35	0	11.4	1	0	2	0	3	2	3.696	1	3	2
0	0	0	23.08	1.8e+06	36	0	11.55	1	0	2	0	3	2	3.705	1	3	2
0	0	1	32.17	1.8e+06	37	0	11.7	1	0	2	0	3	2	3.714	1	3	2
0	0	1	25.17	1.9e+06	38	0	11.85	1	0	2	0	3	2	3.723	1	3	2
0	0	1	35.17	1.9e+06	39	0	12	1	0	2	0	2	2	3.732	1	3	2
0	0	1	18.58	1.9e+06	40	1	12.15	1	0	2	0	2	2	3.741	1	3	2
0	0	1	39.92	1.9e+06	41	1	12.3	1	0	2	0	2	2	3.75	1	3	2
0	0	1	23.42	1.9e+06	42	1	12.45	1	0	2	0	2	2	3.759	1	3	2
0	0	1	37.58	1.9e+06	43	1	12.6	1	0	2	0	2	1	3.768	1	3	2
0	0	1	24.75	2.0e+06	44	1	12.75	1	0	2	0	2	1	3.777	1	3	2
0	0	1	47	2.0e+06	45	1	12.9	1	0	3	0	2	1	3.786	1	3	2
0	0	1	34.17	2.0e+06	46	1	13.05	1	0	3	0	2	1	3.795	1	3	2
0	0	1	22.17	2.0e+06	47	1	13.2	1	0	3	0	2	1	4.822	1	3	2
0	0	1	27.75	2.0e+06	48	1	13.35	1	0	3	0	2	1	4.831	1	3	2
0	0	0	42.75	2.1e+06	49	0	13.5	1	0	3	0	1	1	4.84	1	3	2
0	0	0	28.67	2.1e+06	50	0	13.65	1	0	2	0	1	1	4.849	1	3	2
0	0	0	36.25	2.1e+06	51	0	13.8	1	0	2	0	1	1	4.858	1	3	2
0	0	0	18.17	2.1e+06	52	0	13.95	1	0	2	0	1	1	4.867	1	3	2
0	0	0	21.25	2.1e+06	53	0	14.1	1	0	2	0	1	1	4.876	1	3	2
0	0	0	38.92	2.1e+06	54	0	14.25	1	0	2	0	1	1	4.885	1	3	2
0	0	0	31.83	2.2e+06	55	0	14.4	1	0	2	0	1	1	4.894	1	3	1
0	0	0	17.33	2.2e+06	56	0	14.55	1	0	2	0	1	1	4.903	1	3	1
0	0	0	20.42	2.2e+06	57	0	14.7	1	0	2	0	1	1	4.912	1	3	1
0	0	0	39.08	2.2e+06	58	0	14.85	1	0	2	0	1	1	4.921	1	3	1
0	0	0	38.67	2.2e+06	59	0	15	1	0	2	0	1	1	4.93	1	3	1
0	0	0	27.67	2.3e+06	60	0	15.15	1	0	2	0	1	1	4.939	1	3	1
0	0	0	27.75	2.3e+06	61	0	15.3	1	0	2	0	1	1	4.948	1	3	1
0	0	0	19	2.3e+06	62	0	15.45	1	0	2	0	1	1	4.957	1	3	1
0	0	0	25	2.3e+06	19	0	15.6	1	0	2	0	1	1	4.966	1	1	1
0	0	0	27.67	2.3e+06	21	0	15.75	1	0	2	0	1	1	4.975	1	1	1
0	0	0	22.25	2.3e+06	23	0	15.9	1	0	2	0	1	1	4.984	1	1	1
0	0	0	49.83	2.4e+06	25	0	16.05	1	0	2	0	1	1	4.993	1	1	1
0	0	0	32.33	2.4e+06	27	0	16.2	1	0	2	0	1	1	5.002	1	1	1
0	0	0	38.25	2.4e+06	29	0	16.35	1	0	2	0	1	1	5.011	1	1	1
0	0	0	47.33	2.4e+06	31	0	16.5	1	0	2	0	1	1	5.02	1	3	1
0	0	0	27.83	2.4e+06	33	0	5	1	0	2	0	1	1	5.029	1	3	1
0	0	0	35.75	2.5e+06	35	0	5.25	1	0	2	0	1	1	5.038	1	3	1
0	0	0	33.58	2.5e+06	37	0	5.5	1	0	2	0	1	1	4.047	1	3	1
0	0	0	34.08	2.5e+06	39	0	5.75	1	0	2	0	1	1	4.056	1	3	1
0	0	0	20.75	2.5e+06	41	0	6	1	0	2	0	1	1	4.065	1	3	1
0	0	0	33.17	2.5e+06	43	0	6.25	1	0	2	0	1	1	4.074	1	3	1
0	0	0	22.75	2.5e+06	45	0	6.5	1	0	2	0	1	1	4.083	1	3	1
0	0	0	48.75	2.6e+06	47	0	6.75	1	0	2	0	1	1	4.092	1	3	1
0	0	0	40.58	2.6e+06	49	0	7	1	0	2	0	1	1	4.101	1	3	1
0	0	0	20.67	2.6e+06	51	0	7.25	1	0	2	0	1	1	4.11	1	3	1
0	0	0	38.75	2.6e+06	53	0	7.5	1	0	2	0	1	1	4.119	1	3	1
0	0	0	57.08	2.6e+06	55	0	7.75	1	0	2	0	1	1	4.128	1	3	1
0	0	0	31.25	2.7e+06	57	0	8	1	0	2	0	1	1	4.137	1	3	1
0	0	0	22	2.7e+06	41	0	8.25	1	0	2	0	1	1	4.146	1	3	1
0	0	0	58.33	2.7e+06	42	0	8.5	1	0	2	0	1	1	4.155	1	3	1
0	0	0	28.92	2.7e+06	43	0	8.75	1	0	2	0	1	1	4.164	1	3	1
0	0	0	46	2.7e+06	44	0	9	1	0	2	0	1	1	4.173	1	2	1
0	0	0	21	2.7e+06	45	0	9.25	1	0	2	0	1	1	4.182	1	2	1
0	0	0	24.75	2.8e+06	46	0	9.5	1	0	2	0	1	1	4.191	1	2	1
0	0	0	20.83	2.8e+06	47	0	9.75	1	0	2	0	1	1	4.2	1	2	1
0	0	0	24.58	2.8e+06	48	0	10	1	0	2	0	1	1	4.209	1	2	1
0	0	0	26.5	2.8e+06	49	0	10.25	1	0	2	0	1	1	4.218	1	2	1
0	0	0	40.92	2.8e+06	50	0	10.5	1	0	2	0	1	1	4.227	1	2	1
0	0	0	38.33	2.8e+06	51	0	10.75	1	0	2	0	1	1	4.236	1	2	1
0	0	0	19.58	2.9e+06	52	0	11	1	0	2	0	1	1	4.245	1	2	1
0	0	0	39.25	2.9e+06	53	0	11.25	1	0	2	0	1	1	4.254	1	2	1
0	0	0	25.75	2.9e+06	54	0	11.5	1	0	2	0	1	1	4.263	1	2	1
0	0	0	46.08	2.9e+06	55	0	11.75	1	0	2	0	1	2	4.272	1	2	1
0	0	0	19.67	2.9e+06	19	0	12	1	0	2	0	1	2	4.281	1	1	1
0	0	0	22.25	3.0e+06	21	0	12.25	1	0	2	0	1	2	4.29	1	1	1
0	0	0	18.83	3.0e+06	23	0	12.5	1	0	2	0	1	2	4.299	1	1	1
0	0	0	64.08	3.0e+06	25	0	12.75	1	0	2	0	1	2	4.308	1	1	1
0	0	0	16.5	3.0e+06	27	0	13	1	0	2	0	1	2	4.317	1	1	1
0	0	0	68.67	3.0e+06	29	0	13.25	1	0	2	0	1	2	3.2	1	3	1
0	0	0	76.75	3.0e+06	31	0	13.5	1	0	2	0	1	2	3.208	1	3	1
0	0	0	15.92	3.1e+06	33	0	13.75	1	0	2	0	1	2	3.216	1	3	1
0	0	0	34.83	1.2e+06	35	0	14	1	0	2	0	1	2	3.224	1	3	1
0	0	0	47.42	1.2e+06	37	0	14.25	1	0	2	0	1	2	3.232	1	3	1
0	0	0	23.17	1.2e+06	39	0	14.5	1	0	2	0	1	2	3.24	1	3	1
0	0	0	45.17	1.3e+06	41	0	14.75	1	0	2	0	1	2	3.248	1	3	1
0	0	0	15.17	1.3e+06	43	0	15	1	0	2	0	1	2	3.256	1	3	1
0	0	0	18.83	1.3e+06	45	0	15.25	1	0	2	0	1	2	3.264	1	3	1
0	0	0	52.5	1.3e+06	47	0	15.5	1	0	2	0	1	2	3.272	1	3	1
0	0	0	19.17	1.3e+06	49	0	15.75	1	0	2	0	1	2	3.28	1	3	1
0	0	0	18	1.3e+06	51	0	16	1	0	2	0	1	2	3.288	1	3	1
0	0	0	37.5	1.4e+06	53	0	16.25	0	0	2	0	1	2	3.296	1	3	1
0	0	0	22.67	1.4e+06	55	0	16.5	0	0	2	0	1	2	3.304	1	3	1
0	0	0	47.83	1.4e+06	18	0	16.75	0	0	2	0	1	2	3.312	1	3	1
0	0	0	34.08	1.4e+06	19	0	17	0	1	2	0	1	2	3.32	1	3	1
0	0	0	33.08	1.4e+06	20	0	17.25	1	1	2	0	1	2	3.328	1	1	1
0	0	0	43.08	1.4e+06	21	0	17.5	1	1	2	0	1	2	3.336	1	1	1
0	0	0	34.5	1.5e+06	22	0	17.75	1	1	2	0	1	2	3.344	1	1	1
0	0	0	42.75	1.5e+06	23	0	18	1	1	2	0	1	2	3.352	1	2	1
0	0	0	18.25	1.5e+06	24	0	18.25	1	1	2	0	1	2	3.36	1	2	1
0	0	0	23.08	1.5e+06	25	0	18.5	1	1	2	0	1	2	3.368	1	2	1
0	0	0	22.5	1.5e+06	26	0	18.75	1	1	2	0	1	2	3.376	1	2	1
0	0	0	17.92	1.5e+06	27	0	19	1	1	2	0	1	2	3.384	1	2	1
0	0	0	18.42	1.6e+06	28	0	19.25	1	1	2	0	1	2	3.392	1	2	1
0	0	0	27.67	1.6e+06	29	0	19.5	1	1	2	0	1	2	3.4	1	2	1
0	0	0	18.92	1.6e+06	30	0	19.75	1	1	2	0	1	2	3.408	1	2	1
0	0	0	22.67	1.6e+06	31	0	20	1	1	2	0	1	2	3.416	1	2	1
0	0	0	62.5	1.6e+06	32	0	20.25	1	1	2	0	1	2	3.424	0	3	1
0	0	0	23.5	1.6e+06	33	0	20.5	1	1	2	0	1	2	3.432	0	3	1
0	0	0	35.25	1.7e+06	34	0	20.75	1	1	2	0	1	2	3.44	0	3	1
0	0	0	56.83	1.7e+06	35	0	21	1	1	2	0	1	2	3.448	0	3	1
0	0	0	53.33	1.7e+06	36	0	21.25	0	1	2	0	1	2	3.456	0	3	1
0	0	0	41.17	1.7e+06	37	0	21.5	0	1	2	0	1	2	3.464	0	3	1
0	0	0	42.17	1.7e+06	32	0	21.75	0	1	2	0	1	2	3.472	0	3	1
0	0	0	41.17	1.7e+06	33	0	22	0	1	2	0	1	2	3.48	0	3	1
0	0	0	33.75	1.8e+06	34	0	22.25	0	1	2	0	1	2	3.488	0	3	1
0	0	0	25.67	1.8e+06	35	0	22.5	0	1	2	0	1	2	3.496	0	2	1
0	0	0	24.33	1.8e+06	36	0	22.75	0	1	2	0	1	2	3.504	0	2	1
0	0	0	23.33	1.8e+06	37	0	23	0	1	2	0	1	2	3.512	0	2	1
0	0	0	30.67	1.8e+06	38	0	23.25	0	1	2	0	1	2	3.52	0	2	1
0	0	0	37.17	1.8e+06	39	0	2	0	1	2	0	1	2	3.528	0	2	1
0	0	0	26.25	1.9e+06	40	0	4.1	0	1	2	0	1	2	3.536	0	2	1
0	0	0	29.75	1.9e+06	41	0	6.2	0	1	2	0	1	2	3.544	0	2	1
0	0	0	23	1.9e+06	42	0	8.3	0	1	2	0	1	2	3.552	0	2	1
0	0	0	17.25	1.9e+06	43	0	10.4	0	1	2	0	1	2	3.56	0	2	1
0	0	0	29.25	1.9e+06	44	0	12.5	0	1	2	0	1	2	3.568	0	2	1
0	0	0	28.58	1.9e+06	45	0	14.6	0	1	2	0	1	2	3.576	0	3	1
0	0	0	34.58	2.0e+06	46	0	16.7	0	1	2	0	1	2	3.584	0	3	1
0	0	0	23.42	2.0e+06	47	0	18.8	0	1	2	0	1	2	3.592	0	3	1
0	0	0	25	2.0e+06	48	0	20.9	0	1	2	0	1	2	3.6	0	3	1
0	0	0	18.75	2.0e+06	49	0	23	0	1	2	0	1	2	3.608	0	3	1
0	0	0	17.08	2.0e+06	50	0	25.1	0	1	2	0	1	1	3.616	0	3	1
0	0	0	16.08	2.1e+06	19	0	27.2	0	1	2	0	1	3	3.624	0	3	1
0	0	0	32.92	2.1e+06	20	0	29.3	0	1	2	0	1	3	3.632	0	1	1
0	0	0	20.33	2.1e+06	21	0	31.4	0	1	2	0	1	3	3.64	0	1	1
0	0	0	21.75	2.1e+06	22	0	33.5	0	1	2	0	1	3	3.648	0	1	1
0	0	0	33.17	2.1e+06	23	0	1	0	1	2	0	1	3	3.656	0	1	1
0	0	0	25.33	2.1e+06	24	0	1.2	0	1	2	0	1	3	3.664	0	1	1
0	0	0	24.75	2.2e+06	25	0	1.4	0	1	2	0	1	3	3.672	0	1	1
0	0	0	30.83	2.2e+06	26	0	1.6	0	1	2	0	1	3	3.68	0	1	1
0	0	0	20.75	2.2e+06	27	0	1.8	0	1	2	0	1	3	3.688	0	3	1
0	0	0	40.33	2.2e+06	28	0	2	0	1	2	0	1	3	3.696	0	3	1
0	0	0	29.42	2.2e+06	29	0	2.2	0	1	2	0	1	3	3.704	0	3	1
0	0	0	40.92	2.2e+06	30	0	2.4	0	1	2	0	1	3	3.712	0	3	1
0	0	0	29.5	2.3e+06	31	0	2.6	0	1	2	0	1	3	3.72	0	3	1
0	0	0	54.42	2.3e+06	32	0	2.8	0	1	2	0	1	3	3.728	0	3	1
0	0	0	34	2.3e+06	33	0	3	0	1	3	0	1	3	3.736	0	3	1
0	0	0	25	2.3e+06	34	0	3.2	0	1	3	0	1	3	3.744	0	3	1
0	0	0	26.58	2.3e+06	35	0	3.4	0	1	3	0	1	3	3.752	0	3	1
0	0	0	33.08	2.3e+06	36	0	3.6	0	1	3	0	1	3	3.76	0	3	1
0	0	0	33.67	2.4e+06	37	1	3.8	0	1	3	0	1	3	3.768	0	3	1
0	0	0	36.17	2.4e+06	38	1	4	0	1	3	0	1	3	3.776	0	3	1
0	0	0	19.5	2.4e+06	39	1	4.2	0	1	3	0	1	3	3.784	0	3	1
0	0	0	24.17	2.4e+06	40	1	4.4	0	1	3	1	1	3	3.792	0	3	1
0	0	0	30.5	2.4e+06	41	1	4.6	0	1	3	1	1	3	3.8	0	3	1
0	0	0	20	2.4e+06	42	1	4.8	0	1	3	1	1	3	3.808	0	3	1
0	0	0	25.33	2.5e+06	43	1	5	0	1	3	1	1	3	3.816	0	3	1
0	0	0	29.58	2.5e+06	44	1	5.2	0	1	3	1	1	3	3.45	0	3	1
0	0	0	43.17	2.5e+06	45	1	5.4	0	1	0	1	1	3	3.525	0	3	1
0	0	0	28.75	2.5e+06	46	1	5.6	0	1	0	1	1	3	3.6	0	3	1
0	0	0	31.57	2.5e+06	47	1	5.8	0	1	0	1	1	1	3.675	0	3	1
0	0	0	20.25	2.5e+06	48	1	6	0	1	0	1	1	1	3.75	0	3	1
0	0	0	45	2.6e+06	49	1	6.2	0	1	0	1	1	1	3.825	0	3	1
0	0	0	22.83	2.6e+06	50	1	6.4	0	1	0	1	1	1	3.9	0	3	1
0	0	0	20.67	2.6e+06	51	1	6.6	0	1	0	1	1	1	3.975	0	3	1
0	0	0	27.83	2.6e+06	52	1	6.8	0	1	0	1	1	1	4.05	0	3	1
0	0	0	40.92	2.6e+06	53	1	7	0	1	0	1	1	1	4.125	0	3	1
0	0	0	56.42	2.6e+06	54	1	7.2	0	1	0	1	1	1	4.2	0	3	1
0	0	0	64.08	2.7e+06	55	1	7.4	0	1	0	1	1	1	4.275	0	3	1
0	0	0	22.42	2.7e+06	56	1	7.6	0	1	0	1	1	1	4.35	0	3	1
0	0	0	24.33	2.7e+06	57	1	7.8	0	1	0	1	1	1	3.5	0	3	1
0	0	0	69.5	2.7e+06	58	1	8	0	1	0	1	1	1	3.545	0	3	1
0	0	0	35.58	2.7e+06	59	0	8.2	0	1	0	1	1	1	3.59	0	3	1
0	0	0	48.33	2.7e+06	60	0	8.4	0	1	0	1	1	1	3.635	0	3	3
0	0	0	28.08	2.8e+06	61	0	8.6	0	1	0	1	1	1	3.68	0	3	3
0	0	0	35.17	2.8e+06	22	0	8.8	0	1	0	1	1	1	3.725	0	3	3
0	0	0	49.5	2.8e+06	23	0	9	0	1	0	1	1	1	3.77	0	1	3
0	0	0	80.25	2.8e+06	24	0	9.2	0	1	0	1	2	1	3.815	0	1	3
0	0	0	29.25	2.8e+06	25	0	9.4	0	1	0	1	2	1	3.86	0	1	3
0	0	0	16.92	2.8e+06	26	0	9.6	0	1	0	1	2	1	3.905	0	1	3
0	0	0	16	2.9e+06	27	0	9.8	0	1	0	1	2	1	3.95	0	1	3
0	0	0	60.08	2.9e+06	28	0	10	0	1	0	1	2	1	3.995	0	3	3
0	0	0	28	2.9e+06	29	0	10.2	0	0	0	1	2	1	4.04	0	3	3
0	0	0	41.5	2.9e+06	30	0	10.4	0	0	0	1	2	1	4.085	0	3	3
0	0	0	24.08	2.9e+06	31	0	10.6	0	0	0	1	3	1	4.13	0	3	3
0	0	0	24.5	3.0e+06	32	0	10.8	0	0	0	1	3	1	4.175	0	3	3
0	0	0	34.75	3.0e+06	33	0	11	0	0	0	1	3	1	4.22	0	3	3
0	0	0	33.67	3.0e+06	34	0	11.2	0	0	0	1	3	1	4.265	0	3	3
0	0	0	40.83	3.0e+06	35	0	11.4	0	0	0	1	3	1	4.31	0	3	3
0	0	0	20.42	3.0e+06	36	0	11.6	0	0	0	1	3	1	4.355	0	3	3
0	0	0	37.5	3.0e+06	37	0	11.8	0	0	0	1	2	1	4.4	0	3	3
0	0	0	48.5	3.1e+06	38	0	12	0	0	0	1	2	1	4.445	0	3	3
0	0	1	23	3.1e+06	39	0	12.2	0	0	0	0	2	1	4.49	0	3	3
0	0	1	35	3.1e+06	40	0	12.4	0	0	0	0	2	1	4.535	0	3	3
0	0	1	16.33	3.1e+06	41	0	12.6	0	0	0	0	2	1	4.58	0	3	3
0	0	1	22.67	3.1e+06	42	0	12.8	0	0	0	0	2	1	4.625	0	3	3
0	0	1	21.75	3.1e+06	43	0	13	0	0	0	0	2	1	4.67	0	3	3
0	0	1	25.08	3.2e+06	44	0	13.2	0	0	0	0	2	1	4.715	0	3	3
0	0	1	36.33	3.2e+06	45	0	13.4	0	0	0	0	2	1	4.76	0	3	3
0	0	1	28.58	3.2e+06	46	0	13.6	0	0	0	0	1	1	4.805	0	3	3
0	0	1	22.17	3.2e+06	47	1	13.8	0	0	0	0	1	1	4.85	0	3	3
0	0	1	34.17	3.2e+06	48	1	14	0	0	0	0	1	1	4.895	0	2	3
0	0	1	35	3.2e+06	49	1	14.2	0	0	0	0	1	1	3.5	0	2	3
0	0	1	28.58	3.3e+06	50	1	14.4	0	0	0	0	1	1	3.506	0	2	3
0	0	1	19.17	3.3e+06	51	1	14.6	0	0	0	0	1	1	3.512	0	3	3
0	0	1	23.25	3.3e+06	52	1	14.8	0	0	0	0	1	1	3.518	0	3	3
0	0	1	16.5	3.3e+06	53	1	15	0	0	0	0	1	1	3.524	0	3	3
0	0	1	20.08	3.3e+06	54	1	15.2	0	0	0	0	1	1	3.53	0	3	3
0	0	1	22.33	3.3e+06	55	1	15.4	0	0	0	0	1	1	3.536	0	3	3
0	0	1	34	3.4e+06	56	1	15.6	0	0	0	0	1	1	3.542	0	3	3
0	0	1	57.08	3.4e+06	57	1	15.8	0	0	0	0	1	1	3.548	0	3	3
0	0	1	16.25	3.4e+06	58	1	16	0	0	0	0	1	1	3.554	0	3	3
0	0	1	32.83	3.4e+06	59	1	16.2	0	0	0	0	1	1	3.56	0	3	3
0	0	1	48.25	3.4e+06	60	1	16.4	0	0	0	0	1	1	3.566	0	3	3
0	0	1	34.17	3.4e+06	61	1	16.6	0	0	0	0	1	1	3.572	0	3	3
0	0	1	18.33	3.5e+06	62	1	16.8	0	0	0	0	1	1	3.578	0	3	3
0	0	1	44.25	3.5e+06	63	1	17	0	0	0	0	1	1	3.584	0	3	3
0	0	1	38.92	3.5e+06	64	1	17.2	0	0	0	0	1	1	3.59	0	3	3
0	0	1	31.58	3.5e+06	26	1	17.4	0	0	0	0	1	1	3.596	0	2	3
0	0	1	25.08	3.5e+06	27	1	17.6	0	0	1	0	1	1	3.602	0	2	3
0	0	1	65.42	3.5e+06	28	1	17.8	0	0	1	0	1	1	3.608	0	2	3
0	0	1	41.33	3.6e+06	29	1	18	0	0	1	0	1	1	3.614	0	2	3
0	0	1	31.25	3.6e+06	30	1	18.2	1	0	1	0	1	1	3.1	0	2	3
0	0	1	36.75	3.6e+06	31	1	18.4	1	0	1	0	1	1	3.105	0	2	3
0	0	1	32.33	3.6e+06	32	1	18.6	1	0	1	0	1	1	3.11	0	2	3
0	0	1	31.92	3.6e+06	33	1	18.8	1	0	1	0	1	1	3.115	0	2	3
0	0	1	24.83	3.6e+06	34	1	19	1	0	1	0	1	1	3.12	0	2	3
0	0	1	21.92	3.7e+06	35	1	19.2	1	0	1	0	1	2	3.125	0	2	3
0	0	1	34.25	3.7e+06	36	1	19.4	1	0	1	0	1	2	3.13	0	2	2
0	0	1	51.83	3.7e+06	37	1	19.6	1	0	1	0	1	2	3.135	0	2	2
0	0	1	31.57	3.7e+06	38	1	19.8	1	0	1	0	1	2	3.14	0	2	2
0	0	1	38.42	3.7e+06	39	1	20	1	0	1	0	1	2	3.145	0	2	2
0	0	1	39.17	3.8e+06	40	1	20.2	1	0	1	0	1	2	3.15	0	2	2
0	0	1	18.17	3.8e+06	41	1	20.4	1	0	1	0	1	2	3.155	0	2	2
0	0	1	39	3.8e+06	24	1	20.6	1	0	1	0	1	2	3.16	0	2	2
0	0	1	20	3.8e+06	25	1	20.8	1	0	1	0	1	2	3.165	0	2	2
0	0	1	32.75	3.8e+06	26	1	21	1	0	1	0	1	2	3.17	0	2	2
0	0	1	18.58	3.8e+06	27	1	21.2	0	0	1	0	1	2	3.175	0	2	2
0	0	1	15.83	3.9e+06	28	1	21.4	0	0	1	0	1	2	3.18	0	2	2
0	0	1	39.33	3.9e+06	29	1	21.6	0	0	1	0	1	2	3.185	0	2	2
0	0	1	19.58	3.9e+06	30	1	21.8	0	0	1	0	1	2	3.19	0	2	2
0	0	1	21.33	3.9e+06	31	1	22	0	0	1	0	1	2	3.195	0	2	2
0	0	1	22.67	3.9e+06	32	1	22.2	0	0	1	0	1	2	3.2	0	3	2
0	0	1	25.67	3.9e+06	33	1	22.4	0	0	1	0	1	3	3.205	0	3	2
0	0	1	21.08	4.0e+06	34	1	22.6	0	0	1	0	1	3	3.21	0	3	2
0	0	1	49	4.0e+06	35	1	22.8	0	0	1	0	1	3	3.215	0	3	2
0	1	1	20.67	4.0e+06	36	1	23	0	0	1	0	1	3	3.22	0	3	2
0	1	1	19.67	4.0e+06	37	1	23.2	0	0	1	0	1	3	3.225	0	3	2
0	1	1	21.83	4.0e+06	38	1	23.4	0	0	1	0	1	3	3.23	0	3	2
0	1	1	26.83	4.0e+06	39	1	23.6	0	0	1	0	1	3	3.235	0	3	2
0	1	1	38.58	4.1e+06	22	1	23.8	0	0	1	0	1	3	3.24	0	3	2
0	1	1	50.08	4.1e+06	24	1	24	0	0	1	0	1	3	3.245	0	3	2
0	1	1	15.75	4.1e+06	26	1	24.2	0	0	1	0	1	3	3.25	0	3	2
0	1	1	24.5	4.1e+06	28	1	24.4	0	0	1	0	1	3	3.255	0	3	2
0	1	1	21	4.1e+06	30	1	24.6	0	0	1	1	1	3	3.26	0	3	2
0	1	1	22.08	4.1e+06	32	1	24.8	0	0	1	1	1	3	3.265	0	2	1
0	1	1	54.58	4.2e+06	34	1	25	0	0	1	1	1	1	3.27	0	2	1
0	1	1	18.08	4.2e+06	36	1	25.2	0	0	1	1	1	1	3.275	0	2	1
0	1	1	36.67	4.2e+06	38	1	25.4	0	0	1	1	1	1	3.28	0	2	1
0	1	1	38.17	4.2e+06	40	1	25.6	0	0	1	1	1	1	3.285	0	2	1
0	1	1	21.83	4.2e+06	42	1	25.8	0	0	1	1	1	1	3.29	0	2	1
0	1	1	51.92	4.2e+06	44	1	26	0	0	1	1	1	1	3.295	0	2	1
0	1	1	22.17	4.3e+06	46	1	26.2	0	0	1	1	1	1	3.3	0	2	1
0	1	1	52.42	4.3e+06	48	1	26.4	0	0	1	1	1	1	3.305	0	2	1
0	1	1	60.92	4.3e+06	50	1	26.6	0	0	1	1	1	1	3.31	0	2	1
0	1	1	20.17	4.3e+06	52	1	26.8	0	0	2	1	1	1	3.315	0	2	1
0	1	1	23.25	4.3e+06	54	1	27	0	0	2	1	1	1	3.32	0	2	2
0	1	1	36.17	4.3e+06	56	1	27.2	0	0	2	1	1	1	3.325	0	2	2
0	1	1	42.25	4.4e+06	30	1	27.4	0	0	2	1	1	1	3.33	0	2	2
0	1	1	23.58	4.4e+06	31	1	27.6	0	0	2	1	1	1	3.335	0	2	2
0	1	1	36	4.4e+06	32	1	27.8	0	0	2	1	1	1	3.34	0	2	2
0	1	1	39.58	4.4e+06	33	1	28	0	0	2	1	1	1	3.345	0	2	2
0	1	1	18.83	4.4e+06	34	1	28.2	0	0	2	1	1	1	3.35	0	2	2
0	1	1	27.25	4.4e+06	35	1	28.4	0	0	2	1	1	1	3.355	0	2	2
0	1	1	32.42	4.5e+06	36	1	28.6	0	0	2	1	1	1	3.36	0	2	2
0	1	1	19.42	4.5e+06	37	1	28.8	0	0	2	1	1	1	3.365	0	3	2
0	1	1	22.58	4.5e+06	38	1	29	0	0	2	1	1	1	3.37	0	3	2
0	1	1	39.92	4.5e+06	39	1	29.2	0	0	2	1	1	1	3.375	0	3	2
0	1	1	22.67	4.5e+06	40	1	29.4	0	0	2	1	1	1	3.38	0	3	2
0	1	1	23.42	4.5e+06	41	1	29.6	0	0	2	1	1	1	3.385	0	3	2
0	1	1	30	4.6e+06	42	1	29.8	0	0	2	1	1	1	3.39	0	3	2
0	1	1	40.33	4.6e+06	43	1	30	0	0	2	1	1	1	3.395	0	3	2
0	1	1	36.75	4.6e+06	44	1	30.2	0	0	2	1	1	1	3.4	0	3	2
0	1	1	31	4.6e+06	45	1	30.4	0	0	2	1	1	1	3.405	0	3	2
0	1	1	25.17	4.6e+06	46	1	30.6	0	0	2	1	1	1	3.41	0	3	2
0	1	1	27.42	4.7e+06	47	1	30.8	0	0	2	1	1	1	3.415	0	3	2
0	1	1	31.57	4.7e+06	48	1	31	0	0	2	1	1	1	3.42	0	2	2
0	1	1	34.08	4.7e+06	49	1	31.2	0	0	3	1	1	1	3.425	0	3	2
0	1	1	22.08	4.7e+06	50	1	31.4	0	0	3	1	1	1	3.43	0	3	2
0	1	1	31.08	4.7e+06	51	1	31.6	0	0	3	1	1	1	3.435	0	3	2
0	1	1	31.57	4.7e+06	21	1	31.8	0	0	3	1	1	1	3.44	0	1	2
0	1	1	16	4.8e+06	22	1	32	0	0	3	1	1	1	3.445	0	1	2
0	1	1	27.25	4.8e+06	23	1	32.2	0	0	3	1	1	1	3.45	0	1	2
0	1	1	25.17	4.8e+06	24	1	32.4	0	0	3	1	1	1	3.455	0	1	2
0	1	1	67.75	4.8e+06	25	1	32.6	0	0	3	1	1	1	3.46	0	1	2
0	1	1	18.83	4.8e+06	26	1	32.8	0	0	3	1	1	1	3.465	0	1	2
0	1	1	27.25	4.8e+06	27	1	33	0	0	3	1	1	1	3.47	0	1	2
0	1	1	19.58	4.9e+06	28	1	33.2	0	0	3	1	1	1	3.475	0	1	2
0	1	1	30.75	4.9e+06	29	1	33.4	0	0	3	1	1	1	3.48	0	3	2
0	1	1	50.25	4.9e+06	30	1	33.6	0	0	3	1	1	1	3.485	0	3	2
0	1	1	31.08	4.9e+06	31	1	33.8	0	0	3	1	1	1	3.49	0	3	2
0	1	1	51.58	4.9e+06	32	1	34	0	0	3	1	1	1	3.495	0	3	2
0	1	1	36.58	4.9e+06	33	1	34.2	0	0	3	1	1	1	3.5	0	3	2
0	1	1	33.58	5.0e+06	34	1	34.4	0	0	3	1	1	1	3.505	0	3	2
0	1	1	20.83	5.0e+06	35	1	34.6	0	0	3	1	1	1	3.51	0	3	2
0	1	1	36.17	5.0e+06	36	1	34.8	0	0	3	1	1	1	3.515	0	3	2
0	1	1	50.75	5.0e+06	37	1	35	0	0	3	1	1	1	3.52	0	3	2
0	1	1	23.58	5.0e+06	38	1	35.2	0	0	3	1	1	1	3.525	0	3	2
0	1	1	35.17	5.0e+06	39	1	35.4	0	0	3	1	1	1	3.53	0	3	2
0	1	1	58.42	5.1e+06	40	1	35.6	0	0	3	1	1	1	3.535	0	3	2
0	1	1	28.25	5.1e+06	41	1	3	0	0	3	1	1	1	3.54	0	3	2
0	1	1	31.57	5.1e+06	42	1	3.8	0	0	3	1	1	1	3.545	0	3	2
0	1	1	31.75	5.1e+06	43	1	4.6	0	0	3	1	1	1	3.55	0	3	2
0	1	1	19.42	5.1e+06	44	1	5.4	0	0	3	1	1	1	3.555	0	3	2
0	1	1	39.08	5.1e+06	45	1	6.2	0	0	3	1	1	1	3.56	0	3	2
0	1	1	17.08	5.2e+06	46	1	7	0	0	3	1	1	1	3.565	0	3	2
0	1	1	44.83	5.2e+06	47	1	7.8	0	0	3	1	1	1	3.57	0	3	2
0	1	1	16.25	5.2e+06	48	1	8.6	0	0	3	1	1	1	3.575	0	3	2
0	1	1	41.17	5.2e+06	49	1	9.4	0	0	3	1	1	1	3.58	0	3	2
0	1	1	28.92	5.2e+06	50	1	10.2	0	0	3	1	1	1	3.585	0	3	2
0	1	1	26.17	5.2e+06	51	1	11	0	0	3	1	1	1	3.59	0	3	2
0	1	1	38.58	5.3e+06	52	1	11.8	0	0	3	1	1	1	3.595	0	3	2
0	1	1	25.17	5.3e+06	53	1	12.6	0	0	3	1	1	1	3.6	0	3	2
0	1	1	28.17	5.3e+06	54	1	13.4	0	0	3	1	1	1	3.605	0	3	2
0	1	1	73.42	5.3e+06	55	1	14.2	0	0	0	1	1	1	3.61	0	3	2
0	1	1	22.5	5.3e+06	56	1	15	0	0	0	1	1	1	3.615	0	3	2
0	1	1	27.17	5.3e+06	57	1	15.8	0	0	0	1	1	1	3.62	0	3	2
0	1	1	19.17	5.4e+06	58	1	16.6	0	0	0	1	1	1	3.625	0	3	2
0	1	1	25.58	5.4e+06	59	1	17.4	0	0	0	1	1	1	3.63	0	3	2
0	1	1	31.57	5.4e+06	60	1	18.2	0	0	0	1	1	1	3.635	0	3	2
0	1	1	22.5	5.4e+06	61	1	19	0	0	0	1	1	1	3.64	0	3	2
0	1	1	22.92	5.4e+06	62	1	19.8	0	0	0	1	1	1	3.645	0	3	2
0	1	1	23.25	90000	19	1	20.6	0	0	0	1	1	1	3.65	0	3	2
1	1	1	29.5	101000	21	1	21.4	0	0	0	1	1	1	3.655	0	3	2
1	1	1	32	112000	23	1	22.2	0	0	0	1	1	1	3.66	0	3	2
1	1	1	27	123000	25	1	23	0	0	0	1	1	1	3.665	0	1	2
1	1	1	19.33	134000	27	1	23.8	0	0	0	1	1	1	3.67	0	1	2
1	1	1	35.75	145000	29	1	24.6	0	0	0	1	1	1	3.675	0	1	2
1	1	1	18.83	156000	31	1	25.4	0	0	0	1	1	1	3.68	0	2	2
1	1	1	28.75	167000	33	1	26.2	0	0	0	1	1	1	3.685	0	2	2
1	1	1	34.42	178000	35	1	27	0	0	0	1	1	1	3.69	0	2	2
1	1	1	33.25	189000	37	1	27.8	0	0	0	1	1	1	3.695	0	2	2
1	1	1	53.92	200000	39	1	28.6	0	0	0	1	1	1	3.7	0	2	2
1	1	1	25.25	211000	41	1	29.4	0	0	0	1	1	1	3.705	0	2	2
1	1	1	32.42	222000	43	1	30.2	0	0	0	1	1	1	3.71	0	2	2
1	1	1	21.08	233000	45	1	31	0	0	0	1	1	1	3.715	0	2	2
1	1	1	56.5	244000	47	1	31.8	0	0	0	1	1	1	3.72	0	2	2
1	1	1	32.25	255000	49	1	32.6	0	0	0	1	1	1	3.725	0	2	2
1	1	1	20.5	266000	51	1	33.4	0	0	0	1	1	1	3.73	0	2	2
1	1	1	30.25	277000	53	1	34.2	0	0	0	1	1	1	3.735	0	2	2
1	1	1	24.58	288000	55	1	35	0	0	0	1	1	1	3.74	0	2	2
1	1	1	23.17	299000	57	1	35.8	0	0	1	1	1	2	3.745	0	2	2
1	1	1	31.57	310000	41	1	36.6	0	0	1	1	1	2	3.75	0	2	2
1	1	1	32.33	321000	42	1	37.4	0	0	1	1	1	2	3.755	0	2	2
1	1	1	23.92	332000	35	1	38.2	0	0	1	1	1	2	3.76	0	2	2
1	1	1	36.75	343000	36	1	39	0	0	1	1	1	2	3.765	0	2	2
1	1	1	29.83	354000	37	1	39.8	0	0	1	1	1	2	3.77	0	2	2
1	1	1	24.08	365000	38	1	40.6	0	0	1	1	1	2	3.775	0	2	2
1	1	1	21.17	376000	39	1	41.4	0	0	1	1	1	2	3.78	0	2	3
1	1	1	31.42	387000	40	1	42.2	0	0	1	1	1	2	3.785	0	2	3
1	1	1	22.83	398000	41	1	43	0	0	1	1	1	2	3.79	0	2	3
1	1	1	37.5	409000	24	1	43.8	0	0	1	1	1	2	3.795	0	2	3
1	1	1	24.83	420000	25	1	44.6	0	0	1	1	1	2	3.8	0	2	3
1	1	1	36.33	431000	26	1	2	0	0	1	1	1	2	3.805	0	2	3
1	1	1	47.25	442000	27	1	2.6	0	0	1	1	1	2	3.81	0	2	3
1	1	1	32.08	453000	28	1	3.2	0	0	1	1	1	2	3.815	0	2	3
1	1	1	30.58	464000	29	1	3.8	0	0	1	1	1	2	3.82	0	2	3
1	1	1	27.83	475000	30	1	4.4	0	0	1	1	1	2	3.825	0	2	3
1	1	1	54.83	486000	31	1	5	0	0	1	1	1	2	3.83	0	2	3
1	1	1	16.08	497000	32	1	5.6	0	0	1	1	1	2	3.835	0	2	3
1	1	1	24.58	508000	33	1	6.2	0	0	1	1	1	2	3.84	0	2	3
1	1	1	32.67	519000	34	1	6.8	0	0	1	1	1	2	3.845	0	2	3
1	1	1	30.17	530000	35	1	7.4	0	0	1	1	1	2	3.85	0	2	3
1	1	1	22.25	541000	36	1	8	0	0	1	1	1	2	3.855	0	2	3
1	1	1	41.75	552000	37	1	8.6	0	0	1	1	1	2	3.86	0	2	3
1	1	1	36.67	563000	38	1	9.2	0	0	1	1	1	2	3.865	0	2	3
1	1	1	25.83	574000	39	1	9.8	0	0	1	1	1	2	3.87	0	2	3
1	1	1	29.92	585000	22	1	10.4	0	0	1	1	1	2	3.875	0	2	3
1	1	0	20.08	596000	24	1	11	0	0	1	1	1	2	3.88	0	2	3
1	1	0	19.67	607000	26	1	11.6	0	0	1	1	1	2	3.885	0	2	3
1	1	0	51.42	618000	28	1	12.2	0	0	1	1	1	2	3.89	0	2	3
1	1	0	62.75	629000	30	1	12.8	0	0	1	1	1	2	3.895	0	2	3
1	1	0	40.58	640000	32	1	13.4	0	0	1	1	1	2	3.9	0	2	3
1	1	0	16.33	651000	34	1	14	0	0	1	1	1	2	3.905	0	2	3
1	1	0	29.5	662000	36	1	14.6	0	0	1	1	1	2	3.91	0	2	3
1	1	0	34	673000	38	1	15.2	0	0	1	1	1	2	3.915	0	2	3
1	1	0	71.58	684000	40	1	15.8	0	0	1	1	1	2	3.92	0	2	3
1	1	0	42	695000	42	1	16.4	0	0	1	1	1	2	3.925	0	2	3
1	1	0	22.5	706000	44	1	17	0	0	1	1	1	2	3.93	0	2	3
1	1	0	24.42	717000	46	1	17.6	0	0	1	1	1	2	3.935	0	2	3
1	1	0	44.33	728000	48	1	18.2	0	0	1	1	1	2	3.94	0	2	3
1	1	0	23	739000	50	1	18.8	0	0	1	1	1	2	3.945	0	2	3
1	1	0	34.42	750000	52	1	19.4	0	0	1	1	1	2	3.95	0	2	3
1	1	0	23.08	761000	54	1	20	0	0	1	1	1	2	3.955	0	2	3
1	1	0	25.92	772000	56	1	20.6	0	0	1	1	1	2	3.96	0	2	3
1	1	0	17.58	783000	30	1	21.2	0	0	1	1	1	2	3.965	0	2	3
1	1	0	20.42	794000	31	1	21.8	0	0	1	1	1	2	3.97	0	2	3
1	1	0	31.67	805000	32	1	22.4	0	0	1	1	1	2	3.975	0	2	3
1	1	0	57.58	816000	33	1	23	0	0	1	1	1	2	3.98	0	2	3
1	1	0	59.67	827000	34	1	23.6	0	0	1	1	1	2	3.985	0	2	3
1	1	0	65.17	838000	35	1	24.2	0	0	1	1	1	2	3.99	0	2	3
1	1	0	30.08	849000	36	1	24.8	0	0	1	1	1	2	3.995	0	2	3
1	1	0	48.58	860000	37	1	25.4	0	0	1	1	1	2	3.1	0	2	3
1	1	0	23.58	871000	38	1	26	0	0	1	1	1	2	3.107	0	2	3
1	0	0	20.17	882000	39	1	26.6	0	0	1	1	1	2	3.114	0	2	3
1	0	0	48.17	893000	40	1	27.2	0	0	1	1	1	2	3.121	0	2	3
1	0	0	23.25	904000	41	1	27.8	0	0	1	1	1	2	3.128	0	2	3
1	0	0	32.25	915000	42	1	28.4	0	0	1	1	1	2	3.135	0	2	3
1	0	0	33.58	926000	43	1	29	0	0	1	1	1	2	3.142	0	2	3
1	0	0	23.58	937000	44	1	29.6	0	0	1	1	1	2	3.149	0	2	3
1	0	0	16.92	948000	45	1	30.2	0	0	1	1	1	2	3.156	0	2	3
1	0	0	20.83	959000	46	1	30.8	0	0	1	1	1	2	3.163	0	2	3
1	0	0	60.58	970000	47	1	31.4	0	0	1	1	1	2	3.17	0	2	3
1	0	0	31.57	981000	48	1	32	0	0	1	1	1	2	3.177	0	2	3
1	0	0	25	992000	49	1	32.6	0	0	1	1	1	2	3.184	0	2	3
1	0	0	21.5	1.0e+06	50	1	33.2	0	0	1	1	1	2	3.191	0	2	3
1	0	0	20.42	1.0e+06	51	1	33.8	0	0	1	1	1	2	3.198	0	2	3
1	0	0	25.25	1.0e+06	21	1	34.4	0	0	1	1	1	2	3.205	0	2	2
1	0	0	42.83	1.0e+06	22	1	35	0	0	1	1	1	2	3.212	0	2	2
1	0	0	26.67	1.0e+06	23	1	35.6	0	0	1	1	1	2	3.219	0	2	2
1	0	0	57.83	1.1e+06	24	1	36.2	0	0	1	1	1	2	3.226	0	2	2
1	0	0	55.92	1.1e+06	25	1	36.8	0	0	1	1	1	2	3.233	0	2	2
1	0	0	51.33	1.1e+06	26	1	37.4	0	0	1	1	1	2	3.24	0	2	2
1	0	0	39.83	1.1e+06	27	1	38	0	0	1	1	1	2	3.247	0	2	2
1	0	0	27.58	1.1e+06	28	1	38.6	0	0	1	1	1	2	3.254	0	2	2
1	0	0	30.17	1.1e+06	29	1	39.2	0	0	1	1	1	3	3.261	0	2	2
1	0	0	51.83	1.1e+06	30	1	39.8	0	0	1	1	1	3	3.268	0	2	2
1	0	0	25	1.1e+06	31	1	40.4	0	0	1	1	2	3	3.275	0	2	2
1	0	0	29.67	1.1e+06	32	1	41	0	0	1	1	2	3	3.282	0	2	2
1	0	0	33.67	1.2e+06	33	1	41.6	0	0	1	1	2	3	3.289	0	2	2
1	0	0	25.75	1.2e+06	34	1	42.2	0	0	1	1	2	3	3.296	0	2	2
1	0	0	28.67	1.2e+06	35	1	42.8	0	0	1	1	2	3	3.303	0	2	2
1	0	0	18.08	1.2e+06	36	1	43.4	0	0	1	1	2	3	3.31	0	2	2
1	0	0	20.42	1.2e+06	37	1	44	0	0	1	1	2	3	3.317	0	2	2
1	0	0	17.5	1.2e+06	38	1	44.6	0	0	1	1	2	3	3.324	1	2	2
1	1	0	18.08	1.2e+06	39	1	45.2	0	0	1	1	2	3	3.331	1	2	2
1	1	0	47.67	1.2e+06	40	1	45.8	0	0	1	1	2	3	3.338	1	2	2
1	1	0	57.42	1.2e+06	41	1	46.4	0	0	1	1	2	3	3.345	1	2	3
1	1	0	13.75	1.3e+06	42	1	47	0	0	1	1	2	3	3.352	1	2	3
1	1	0	19.33	1.3e+06	43	1	47.6	0	0	1	1	2	3	3.359	1	2	3
1	1	0	21.92	1.3e+06	44	1	48.2	0	0	1	1	2	3	3.366	1	2	3
1	1	0	17.58	1.3e+06	45	1	48.8	0	0	1	1	2	3	3.373	1	2	3
1	1	0	34.83	1.3e+06	46	1	49.4	0	0	1	1	2	3	3.38	1	2	3
1	1	0	29.17	1.3e+06	47	1	50	0	0	1	1	2	3	3.387	1	2	3
1	1	0	21.42	1.3e+06	48	1	50.6	0	0	1	1	2	3	3.394	1	2	3
1	1	0	18.17	1.3e+06	49	1	51.2	0	0	1	1	2	3	3.401	1	2	3
1	1	0	28	1.3e+06	50	1	51.8	0	0	1	1	2	3	3.408	1	2	3
1	1	0	45.83	1.4e+06	51	1	52.4	0	0	1	1	2	3	3.415	1	2	3
1	1	0	22.75	1.4e+06	52	1	53	0	0	1	1	2	3	3.422	1	2	3
1	1	0	31.57	1.4e+06	53	1	53.6	0	0	1	1	2	3	3.429	1	2	3
1	1	0	20.42	1.4e+06	54	1	54.2	0	0	1	1	2	3	3.436	1	2	3
1	1	0	21.25	1.4e+06	55	1	54.8	0	0	1	1	2	3	3.443	1	2	3
1	1	0	26.67	1.4e+06	56	1	55.4	0	0	1	1	2	3	3.45	1	2	3
1	1	0	27.33	1.4e+06	57	1	56	0	0	1	1	2	3	3.457	1	2	3
1	1	0	42.08	1.4e+06	58	1	56.6	0	0	1	1	2	3	3.464	1	2	3
1	1	0	18.25	1.4e+06	59	1	57.2	0	0	1	1	2	3	3.471	1	2	3
1	1	0	28.5	1.5e+06	60	1	57.8	0	0	1	1	2	3	3.478	1	2	3
1	1	0	21.5	1.5e+06	61	1	1	0	0	1	1	2	3	3.485	1	2	3
1	1	0	21.83	1.5e+06	62	1	1.9	0	0	1	1	2	3	3.492	1	2	3
1	1	0	21.92	1.5e+06	19	1	2.8	0	0	1	1	2	3	3.499	1	2	3
1	1	0	32.67	1.5e+06	21	1	3.7	0	0	2	1	2	3	3.506	1	2	3
1	1	0	45.33	1.5e+06	23	1	4.6	0	0	2	1	2	3	3.513	1	2	3
1	1	0	23.58	1.5e+06	25	1	5.5	0	0	2	1	2	3	3.52	1	2	3
1	1	0	17.92	1.5e+06	27	1	6.4	0	0	2	1	2	3	3.527	1	2	3
1	1	0	33	1.5e+06	29	1	7.3	0	0	2	1	2	3	3.534	1	2	3
1	1	0	22.67	1.6e+06	31	1	8.2	0	0	2	1	2	3	3.541	1	2	3
1	1	0	34.67	1.6e+06	33	1	9.1	0	0	2	1	2	3	3.548	1	2	3
1	1	0	29.67	1.6e+06	35	1	10	0	0	2	1	2	3	3.555	1	2	3
1	1	0	31.83	1.6e+06	37	1	10.9	0	0	2	1	2	3	3.562	1	2	3
1	1	0	20.67	1.6e+06	39	1	11.8	0	0	2	1	3	3	3.569	1	2	3
1	1	0	33.75	1.6e+06	41	1	12.7	0	0	2	1	3	3	3.576	1	2	3
1	1	0	22.08	1.6e+06	43	1	13.6	0	0	2	1	3	3	3.583	1	2	3
1	1	0	35.42	1.6e+06	45	1	14.5	0	0	2	1	3	3	3.59	1	2	3
1	1	0	31.92	1.6e+06	47	1	15.4	0	0	2	1	3	3	3.597	1	2	3
1	1	0	22.67	1.7e+06	49	1	16.3	0	0	2	1	3	3	3.604	1	2	3
1	1	0	26.67	1.7e+06	51	1	17.2	0	0	2	1	3	3	3.611	1	2	3
1	1	0	44	1.7e+06	53	1	18.1	0	0	2	1	3	3	3.618	1	2	3
1	1	0	30.17	1.7e+06	55	1	19	0	0	2	1	3	3	2.6	1	2	3
1	1	0	37.75	1.7e+06	57	1	19.9	0	0	2	1	3	3	2.7	1	2	3
1	1	0	17.08	1.7e+06	41	1	20.8	0	0	2	1	3	3	2.8	1	2	3
1	1	0	49.17	1.7e+06	42	1	21.7	0	0	2	1	3	3	2.9	1	2	3
1	1	0	22.92	1.7e+06	30	1	22.6	0	0	2	1	3	3	3	1	2	3
1	1	0	34.83	1.7e+06	31	1	23.5	0	0	2	1	3	3	3.1	1	2	3
1	1	0	44.25	1.8e+06	32	1	24.4	0	0	2	1	3	3	3.2	1	2	3
1	1	0	59.5	1.8e+06	33	1	25.3	0	0	2	1	3	3	3.3	1	2	3
1	1	0	25.5	1.8e+06	34	1	26.2	0	0	2	1	3	3	3.4	1	2	3
1	1	0	41.58	1.8e+06	35	1	27.1	0	0	2	1	3	3	3.5	1	2	3
1	1	0	49.58	1.8e+06	36	1	28	0	0	2	1	3	3	3.6	1	2	3
1	1	0	33.92	1.8e+06	37	1	28.9	0	0	2	1	3	3	3.7	1	2	3
1	1	0	19.17	1.8e+06	38	1	29.8	0	0	2	1	3	3	3.8	1	2	3
1	1	0	24.5	1.8e+06	39	1	30.7	0	0	2	1	3	3	3.9	1	2	3
1	1	0	23.33	1.8e+06	40	1	31.6	0	0	2	1	3	3	4	1	2	3
1	1	0	69.17	1.9e+06	41	1	32.5	0	0	2	1	3	3	4.1	1	2	3
1	1	0	47.67	1.9e+06	42	1	33.4	0	0	3	1	3	3	4.2	1	2	3
1	1	0	33.25	1.9e+06	43	1	34.3	0	0	3	1	3	3	4.3	1	2	3
1	1	0	43.25	1.9e+06	44	1	35.2	0	0	3	1	3	3	4.4	1	2	3
1	1	0	23	1.9e+06	45	1	36.1	0	0	3	1	3	3	4.5	1	2	3
1	1	0	34.75	1.9e+06	46	1	37	0	0	3	1	3	3	4.6	1	2	3
1	1	0	56.58	1.9e+06	47	1	37.9	0	0	3	1	3	3	4.7	1	2	3
1	1	0	44.17	1.9e+06	48	1	38.8	0	0	3	1	3	3	4.8	1	2	3
1	1	0	44.33	1.9e+06	49	1	39.7	0	0	3	1	3	3	4.9	1	2	3
1	1	0	34.25	1.9e+06	50	1	40.6	0	0	3	1	3	3	3.1	1	2	3
1	1	0	45	2.0e+06	51	1	3	0	0	3	1	3	3	3.35	1	2	3
1	1	0	30.58	2.0e+06	21	1	3.4	0	0	3	1	3	3	3.6	1	2	3
1	1	0	27.67	2.0e+06	22	1	3.8	0	0	3	1	3	3	3.85	1	2	3
1	1	0	19.42	2.0e+06	23	1	4.2	0	0	3	1	3	3	4.1	1	2	3
1	1	0	41.33	2.0e+06	24	1	4.6	0	0	3	1	3	3	4.35	1	2	3
1	1	0	23.5	2.0e+06	25	1	5	0	0	3	1	3	3	4.6	1	2	3
1	1	0	31.67	2.0e+06	26	1	5.4	0	0	3	1	3	3	4.85	1	1	3
1	1	0	17.83	2.0e+06	27	1	5.8	0	0	3	1	3	3	5.1	1	1	3
1	1	0	33.17	2.0e+06	28	1	6.2	0	0	3	1	3	3	2.8	1	3	3
1	1	0	52.5	2.1e+06	29	1	6.6	0	0	3	1	3	3	2.87	1	3	3
1	1	0	25.42	2.1e+06	30	1	7	0	0	3	1	3	3	2.94	1	3	3
1	1	0	40.58	2.1e+06	31	1	7.4	0	0	3	1	3	3	3.01	1	3	3
1	1	0	23.92	2.1e+06	32	1	7.8	0	0	3	1	3	3	3.08	1	3	3
1	1	0	56	2.1e+06	33	1	8.2	0	0	3	1	3	3	3.15	1	3	3
1	1	0	28.5	2.1e+06	34	1	8.6	0	0	3	1	3	3	3.22	1	3	3
1	1	0	32.08	2.1e+06	35	1	9	0	0	3	1	3	3	3.29	1	3	3
1	1	0	21.17	2.1e+06	36	1	9.4	0	0	3	1	3	3	3.36	1	3	3
1	1	0	34.17	2.1e+06	37	1	9.8	0	0	3	1	3	3	3.43	1	3	3
1	1	0	43.25	2.2e+06	38	1	10.2	0	0	3	1	3	3	3.5	1	3	3
1	1	0	38.25	2.2e+06	39	1	10.6	0	0	3	1	3	3	3.57	1	3	3
1	1	0	37.42	2.2e+06	40	1	11	0	0	3	1	3	3	3.64	1	3	3
1	1	0	29.83	2.2e+06	41	1	11.4	0	0	3	1	3	3	3.1	1	3	3
1	1	0	37.33	2.2e+06	42	1	11.8	0	0	3	1	3	3	3.17	1	3	3
1	1	0	31.33	2.2e+06	43	1	12.2	0	0	3	1	3	3	3.24	1	3	3
1	1	0	36.08	2.2e+06	44	1	12.6	0	0	3	1	3	3	3.31	1	3	3
1	1	0	20.5	2.2e+06	45	1	13	0	0	3	1	3	3	3.38	1	3	3
1	1	0	47.17	2.2e+06	46	1	13.4	0	0	3	1	3	3	3.45	1	3	3
1	1	0	22	2.3e+06	47	1	13.8	0	0	3	1	3	3	3.52	1	2	3
1	1	0	20.5	2.3e+06	48	1	14.2	0	0	3	1	3	3	3.59	1	2	3
1	1	0	34.92	2.3e+06	49	1	14.6	0	0	3	1	3	3	3.66	1	2	3
1	1	0	24.08	2.3e+06	50	1	15	0	0	3	1	3	3	3.73	1	2	3
1	1	0	37.33	2.3e+06	51	1	15.4	0	0	3	0	3	2	3.8	1	2	3
1	1	0	20.75	2.3e+06	52	1	15.8	0	0	3	0	3	2	3.87	1	2	3
1	1	0	36.67	2.3e+06	53	1	16.2	0	0	3	0	3	2	3.94	1	2	3
1	1	0	22.58	2.3e+06	54	1	16.6	0	0	3	0	3	2	4.01	1	2	3
1	1	0	26.92	2.3e+06	55	1	17	0	0	3	0	3	2	4.08	1	2	3
1	1	0	46.67	2.4e+06	56	1	17.4	0	0	3	0	3	2	3.4	1	2	3
1	1	0	52.17	2.4e+06	57	1	17.8	0	0	3	0	3	2	3.46	1	2	3
1	1	0	39.17	2.4e+06	58	1	18.2	0	0	3	0	3	2	3.52	1	2	3
1	1	0	39.17	2.4e+06	59	1	18.6	0	0	3	0	3	2	3.58	1	2	3
1	1	0	27.67	2.4e+06	60	1	19	0	0	3	0	3	1	3.64	1	2	3
1	1	0	19.17	2.4e+06	61	1	19.4	0	0	3	0	3	1	3.7	1	2	3
1	1	0	39.5	2.4e+06	62	1	19.8	0	0	3	0	3	1	3.76	1	2	3
1	1	0	36.42	2.4e+06	19	1	20.2	0	0	3	0	3	1	3.82	1	1	3
1	1	0	26.17	2.4e+06	21	1	20.6	0	0	3	0	3	1	3.88	1	1	3
1	1	0	39.42	2.5e+06	23	1	21	0	0	3	0	3	1	3.94	1	1	3
1	1	0	41.92	2.5e+06	25	1	21.4	0	0	3	0	3	1	4	1	1	3
1	1	0	21.33	2.5e+06	27	1	21.8	0	0	3	0	3	1	4.06	1	2	3
1	1	0	20.08	2.5e+06	29	1	22.2	0	0	3	0	3	1	4.12	1	2	3
1	1	0	27.58	2.5e+06	31	1	22.6	0	0	3	0	3	1	4.18	1	2	3
1	1	0	21.58	2.5e+06	33	1	23	0	0	3	0	3	1	4.24	1	2	3
1	1	0	28.25	2.5e+06	35	1	23.4	0	0	3	0	3	1	4.3	1	2	3
1	1	0	26.92	2.5e+06	37	1	23.8	0	0	3	0	3	1	4.36	1	2	3
1	1	0	18.42	2.5e+06	39	1	24.2	0	0	3	0	3	1	4.42	1	2	3
1	1	0	23.25	2.6e+06	41	1	24.6	0	0	3	0	3	1	4.48	1	2	3
1	1	0	23.58	2.6e+06	43	1	25	0	0	3	0	3	1	4.54	1	2	3
1	1	0	28.33	2.6e+06	45	1	25.4	0	0	3	0	3	1	4.6	1	2	3
1	1	0	25.67	2.6e+06	47	1	25.8	0	0	3	0	3	1	4.66	1	2	3
1	1	0	28.58	2.6e+06	49	1	26.2	0	0	3	0	3	1	4.72	1	2	3
1	1	0	22.92	2.6e+06	51	1	26.6	0	0	3	0	3	1	4.78	1	2	3
1	1	0	24.5	2.6e+06	53	1	27	0	0	3	0	3	1	4.84	1	2	3
1	1	0	24.75	2.6e+06	55	1	27.4	0	0	3	0	3	1	4.9	1	2	3
1	1	0	32	2.6e+06	57	1	27.8	0	0	3	0	3	1	3.1	1	2	3
1	1	0	48.08	2.7e+06	41	1	28.2	0	0	3	0	3	1	3.15	1	2	3
1	1	0	28.42	2.7e+06	42	1	28.6	0	0	3	0	3	1	3.2	1	2	3
1	1	0	25.42	2.7e+06	43	1	29	0	0	3	0	3	1	3.25	1	2	3
1	1	0	18.58	2.7e+06	44	1	29.4	0	0	3	0	3	1	3.3	1	2	3
1	1	0	21.67	2.7e+06	45	1	29.8	0	0	3	0	3	1	3.35	1	2	3
1	1	0	24.58	2.7e+06	46	1	30.2	0	0	3	0	3	1	3.4	1	2	3
1	1	0	16.33	2.7e+06	47	1	30.6	0	0	3	0	3	1	3.45	1	2	3
1	1	0	26.75	2.7e+06	48	1	31	0	0	3	0	3	1	3.5	1	2	3
1	1	0	48.17	2.7e+06	49	1	31.4	0	0	3	0	3	1	3.55	1	2	3
1	1	0	23.5	2.8e+06	50	1	31.8	0	0	3	0	3	1	3.6	1	2	3
1	1	0	41	2.8e+06	51	1	32.2	0	0	3	0	3	1	3.65	1	2	3
1	1	0	35.17	2.8e+06	52	1	32.6	0	0	3	0	3	1	3.7	1	2	3
1	1	0	23.75	2.8e+06	53	1	33	0	0	3	0	3	1	3.75	1	2	3
1	1	0	18.67	2.8e+06	54	1	33.4	0	1	3	0	3	1	3.8	1	2	3
1	1	0	30.33	2.8e+06	55	1	33.8	0	1	3	0	3	1	3.4	1	2	3
1	1	0	19.75	2.8e+06	19	1	34.2	0	1	3	0	3	1	3.404	1	2	3
1	1	0	26.17	2.8e+06	21	1	34.6	0	1	3	0	3	1	3.408	1	2	3
1	1	0	28.75	2.8e+06	23	1	35	0	1	3	0	3	1	3.412	1	2	3
1	1	0	28.67	2.9e+06	25	1	35.4	0	1	3	0	3	1	3.416	1	2	3
1	1	0	26	2.9e+06	27	1	35.8	0	1	3	0	3	1	3.42	1	2	3
1	1	0	23.5	2.9e+06	29	1	36.2	0	1	3	0	3	1	3.424	1	2	3
1	1	0	26.33	2.9e+06	31	1	36.6	0	1	3	0	3	1	3.428	1	2	3
1	1	0	54.33	2.9e+06	33	1	37	0	1	3	0	3	1	3.432	1	2	3
1	1	0	31.57	2.9e+06	51	1	37.4	0	1	3	0	3	1	3.436	1	2	3
1	1	0	25.25	2.9e+06	53	1	37.8	0	1	3	0	3	1	3.44	1	2	3
1	1	0	33.17	2.9e+06	55	1	38.2	0	1	3	0	3	1	3.444	1	3	3
1	1	0	39.5	2.9e+06	57	1	38.6	0	1	3	0	3	1	3.448	1	3	3
1	1	0	17.67	3.0e+06	41	1	39	0	1	3	0	3	1	3.452	1	3	3
1	1	0	23.92	3.0e+06	42	1	39.4	0	1	3	0	3	1	3.456	1	3	3
1	1	0	26.67	3.0e+06	30	1	39.8	0	1	3	0	3	1	3.46	1	3	3
1	1	0	22.5	3.0e+06	31	1	40.2	0	1	3	0	3	1	3.464	1	3	3
1	1	0	39.92	3.0e+06	32	1	40.6	0	1	3	0	3	1	3.468	1	3	3
1	1	0	26.08	3.0e+06	33	1	41	0	1	3	0	3	1	3.472	1	3	3
1	1	0	20	3.0e+06	34	1	41.4	0	1	3	0	3	3	3.476	1	3	3
1	1	0	31.57	3.0e+06	35	0	41.8	0	1	3	0	3	3	3.48	1	2	3
1	1	0	26.75	3.0e+06	36	0	42.2	0	1	3	0	3	3	3.484	1	2	3
1	1	0	24.92	3.0e+06	37	0	42.6	0	1	3	0	3	3	3.488	1	2	3
1	1	0	32.25	3.1e+06	38	0	.5	0	1	3	0	3	3	3.492	1	2	3
1	1	0	17.67	3.1e+06	39	0	1.2	0	1	3	0	3	3	3.496	1	2	3
1	1	0	37.75	3.1e+06	40	0	1.9	0	1	0	0	3	3	3.5	1	2	3
1	1	0	22.67	3.1e+06	41	0	2.6	0	1	0	0	3	3	3.504	1	2	3
1	1	0	17.92	3.1e+06	42	0	3.3	0	1	0	0	3	3	3.508	1	2	3
1	1	0	24.42	3.1e+06	43	0	4	0	1	0	0	3	3	3.512	1	2	3
1	1	0	25.75	3.1e+06	44	0	4.7	0	1	0	0	3	3	3.516	1	2	3
1	1	0	26.17	3.1e+06	45	0	5.4	0	1	0	0	3	3	3.52	1	2	3
1	1	0	22.75	3.1e+06	46	0	6.1	0	1	0	0	3	3	3.524	1	2	3
1	1	0	23	3.2e+06	19	0	6.8	0	1	0	0	3	3	3.528	1	2	3
1	1	0	25.67	3.2e+06	21	0	7.5	0	1	0	0	3	3	3.532	1	2	3
1	1	0	48.58	3.2e+06	23	0	8.2	0	1	0	0	3	3	3.536	1	2	3
1	1	0	21.17	3.2e+06	25	0	8.9	0	1	0	0	3	3	3.54	1	2	3
1	1	0	35.25	3.2e+06	27	0	9.6	0	1	0	0	3	3	3.544	1	2	3
1	1	0	22.92	3.2e+06	29	0	10.3	0	1	0	0	3	3	3.548	1	2	3
1	1	0	48.17	3.2e+06	31	0	11	0	1	0	0	3	3	3.552	1	2	3
1	1	0	43	3.2e+06	33	0	11.7	0	1	0	0	3	3	3.556	1	2	3
1	1	0	31.57	3.2e+06	51	0	12.4	0	1	0	0	3	3	3.56	1	2	3
1	1	0	20.67	3.3e+06	53	0	13.1	0	1	0	0	3	3	3.564	1	2	3
1	1	0	18.83	3.3e+06	55	0	13.8	0	1	0	0	3	3	3.568	1	2	3
1	1	0	27.42	3.3e+06	57	0	14.5	0	1	0	0	3	3	3.572	1	3	3
1	1	0	41	3.3e+06	41	0	15.2	0	1	0	0	3	3	3.576	1	3	3
1	1	0	52.4	3.3e+06	42	0	15.9	0	1	0	0	3	3	3.58	1	3	3
1	1	0	53.65	3.3e+06	30	0	16.6	0	1	0	0	3	3	3.584	1	3	3
1	1	0	54.9	3.3e+06	31	0	17.3	0	1	0	0	3	3	3.588	1	3	3
1	1	0	56.15	3.3e+06	32	0	18	0	1	0	0	3	3	3.592	1	3	3
1	1	0	57.4	3.3e+06	33	0	18.7	0	1	0	0	3	3	3.596	1	3	3
1	1	0	58.65	3.4e+06	34	0	19.4	0	1	0	0	3	3	3.6	1	3	3
1	1	0	59.9	3.4e+06	35	0	20.1	0	1	0	0	3	3	3.604	1	3	3
1	1	0	61.15	3.4e+06	36	1	20.8	0	1	0	0	3	3	3.608	1	3	3
1	1	0	62.4	3.4e+06	37	1	21.5	0	1	0	0	3	3	3.612	1	3	3
1	1	0	63.65	3.4e+06	38	1	22.2	0	0	0	0	3	3	3.616	1	3	3
1	1	0	64.9	3.4e+06	39	1	22.9	0	0	0	0	3	3	3.62	1	3	3
1	1	0	66.15	3.4e+06	40	1	23.6	0	0	1	0	3	1	3.624	1	3	3
1	1	0	67.4	3.4e+06	41	1	24.3	0	0	1	0	3	1	3.628	1	3	3
1	1	0	68.65	3.4e+06	42	1	25	0	0	1	0	3	1	3.632	1	3	3
1	1	0	32.8	3.5e+06	43	1	25.7	0	0	1	0	3	1	3.636	1	3	3
1	1	0	34.55	3.5e+06	45	1	26.4	0	0	1	0	3	1	3.64	1	3	3
1	1	0	36.3	3.5e+06	46	1	27.1	0	0	1	0	3	1	3.644	1	3	3
1	1	0	38.05	3.5e+06	19	1	27.8	0	0	1	0	3	1	3.648	1	3	3
1	1	0	39.8	3.5e+06	21	1	28.5	0	0	1	0	3	1	3.652	1	3	3
1	1	0	41.55	3.5e+06	23	1	29.2	0	0	1	0	3	1	3.656	1	3	3
1	1	0	43.3	3.5e+06	25	0	29.9	0	0	1	0	3	1	3.66	1	3	3
1	1	0	45.05	3.5e+06	27	0	30.6	0	0	1	0	3	1	3.664	1	3	3
1	1	0	46.8	3.5e+06	29	0	31.3	0	0	1	0	3	1	3.668	1	3	3
1	1	0	48.55	3.6e+06	31	0	32	0	0	1	0	2	1	3.672	1	3	3
1	1	0	50.3	3.6e+06	33	0	32.7	0	0	1	0	2	1	3.676	1	3	3
1	1	0	52.05	3.6e+06	51	0	33.4	0	0	1	0	2	1	3.68	1	3	3
1	1	0	53.8	3.6e+06	53	0	34.1	0	0	1	0	2	1	3.684	1	3	3
1	1	0	55.55	3.6e+06	55	0	34.8	0	0	1	0	2	1	3.688	1	3	3
1	1	0	57.3	3.6e+06	57	0	35.5	0	0	1	0	2	1	3.692	1	3	3
1	1	0	59.05	3.6e+06	41	0	36.2	0	0	1	0	2	1	3.696	1	3	3
1	1	0	60.8	3.6e+06	42	0	36.9	0	0	1	0	2	1	3.7	1	3	3
1	1	0	62.55	3.6e+06	41	0	1.3	0	0	1	0	2	1	3.704	1	3	3
1	1	0	64.3	3.7e+06	42	0	2.2	0	0	1	0	2	1	3.708	1	3	3
1	1	0	66.05	3.7e+06	43	0	3.1	0	0	2	0	2	1	3.712	1	3	3
1	1	0	67.8	3.7e+06	45	0	4	0	0	2	0	2	1	3.716	1	3	3
1	1	0	42.3	3.7e+06	46	0	4.9	0	0	2	0	2	1	3.72	1	3	3
1	1	0	42.38	3.7e+06	19	0	5.8	0	0	2	0	2	1	3.724	1	3	3
1	1	0	42.46	3.7e+06	21	0	6.7	0	0	2	0	2	1	3.728	1	3	3
1	1	0	42.54	3.7e+06	23	0	7.6	0	0	2	0	2	1	3.732	1	3	3
1	1	0	42.62	3.7e+06	25	0	8.5	0	0	2	0	3	1	3.736	1	3	3
1	1	0	42.7	3.7e+06	27	0	9.4	0	0	2	0	3	1	3.74	1	3	3
1	1	0	42.78	3.8e+06	29	0	10.3	0	0	2	0	3	1	3.744	1	3	3
1	1	0	42.86	3.8e+06	31	0	11.2	0	0	2	0	3	1	3.748	1	3	3
1	1	0	42.94	3.8e+06	33	0	12.1	0	0	2	0	3	1	3.752	1	3	3
1	1	0	43.02	3.8e+06	51	0	13	0	0	2	0	3	1	3.756	1	3	3
1	1	0	43.1	3.8e+06	53	0	13.9	0	0	2	0	3	1	3.76	1	3	3
1	1	0	43.18	3.8e+06	55	0	14.8	0	0	2	0	3	1	3.764	1	3	3
1	1	0	43.26	3.8e+06	57	0	15.7	0	0	2	0	3	1	3.768	1	3	3
1	1	0	43.34	3.8e+06	41	0	16.6	0	0	2	0	3	1	3.772	1	3	3
1	1	0	43.42	3.8e+06	42	0	17.5	0	0	2	0	3	1	3.776	1	3	3
1	1	0	43.5	3.9e+06	21	0	18.4	0	0	2	0	3	1	3.78	1	3	3
1	1	0	43.58	3.9e+06	23	0	19.3	0	0	2	0	3	1	3.784	1	3	3
1	1	0	43.66	3.9e+06	25	0	20.2	0	0	2	0	3	1	3.788	1	3	3
1	1	0	43.74	3.9e+06	27	0	21.1	0	0	2	0	3	1	3.792	1	3	2
1	1	0	43.82	3.9e+06	29	0	22	0	0	2	0	3	1	3.796	1	3	2
1	1	0	43.9	3.9e+06	31	0	22.9	0	0	2	0	3	1	3.8	1	3	2
1	1	0	43.98	3.9e+06	33	0	23.8	0	0	3	1	3	1	3.804	1	3	2
1	1	1	44.06	3.9e+06	35	0	24.7	0	0	3	1	3	1	3.808	1	3	2
1	1	1	44.14	3.9e+06	37	0	25.6	0	0	3	1	3	1	3.812	1	3	2
1	1	1	44.22	4.0e+06	39	0	26.5	0	0	3	1	3	1	3.816	1	3	2
1	1	1	44.3	4.0e+06	41	0	27.4	0	0	3	1	3	1	3.82	1	3	2
1	1	1	44.38	4.0e+06	43	0	28.3	0	0	3	1	3	1	3.824	1	3	2
1	1	1	44.46	4.0e+06	45	0	29.2	0	0	3	1	3	1	3.828	1	3	1
1	1	1	44.54	4.0e+06	47	0	30.1	0	0	3	1	3	1	3.832	1	3	1
1	1	1	44.62	4.0e+06	49	0	31	0	0	3	1	3	1	3.836	1	3	1
1	1	1	44.7	4.0e+06	51	0	31.9	0	0	3	1	3	1	3.84	1	3	1
1	1	1	44.78	4.0e+06	53	0	32.8	0	0	3	1	3	1	3.844	1	3	1
1	1	1	44.86	4.0e+06	55	0	33.7	0	0	3	1	3	1	3.848	1	3	1
1	1	1	44.94	4.1e+06	57	0	34.6	0	0	3	1	3	1	3.852	1	3	1
1	1	1	45.02	4.1e+06	41	0	35.5	0	0	3	1	2	1	3.856	1	3	1
1	1	1	45.1	4.1e+06	42	0	36.4	0	0	3	0	2	1	3.86	1	3	1
1	1	1	45.18	4.1e+06	30	0	37.3	0	0	3	1	2	1	3.864	1	3	1
1	1	1	45.26	4.1e+06	31	0	38.2	0	0	3	1	2	1	3.868	1	3	1
1	1	1	45.34	4.1e+06	32	0	39.1	0	0	3	1	2	1	3.872	1	3	1
1	1	1	45.42	4.1e+06	33	0	40	0	0	0	1	2	1	3.876	1	3	1
1	1	1	45.5	4.1e+06	34	0	40.9	0	0	0	1	2	1	3.88	1	3	1
1	1	1	45.58	4.1e+06	35	0	41.8	0	0	0	1	2	1	3.884	1	3	1
1	1	1	45.66	4.1e+06	36	0	42.7	0	0	0	1	2	1	3.888	1	3	1
1	1	1	45.74	4.2e+06	37	0	43.6	0	0	0	1	2	1	3.892	1	3	1
1	1	1	45.82	4.2e+06	38	0	44.5	0	0	0	1	2	1	3.896	1	3	2
1	1	1	45.9	4.2e+06	39	0	45.4	0	0	0	1	2	1	3.9	1	3	2
1	1	1	45.98	4.2e+06	40	0	46.3	0	0	0	1	2	1	3.904	1	3	2
1	1	1	46.06	4.2e+06	41	0	47.2	0	0	0	1	2	1	3.908	1	3	2
1	1	1	46.14	4.2e+06	42	0	48.1	0	0	0	1	2	1	3.912	1	3	2
1	1	1	46.22	4.2e+06	43	0	2	0	0	0	1	2	1	3.916	1	3	2
1	1	1	46.3	4.2e+06	44	0	2.05	0	0	0	1	2	1	3.92	1	3	2
1	1	1	46.38	4.2e+06	45	0	2.1	0	0	0	1	2	1	3.924	1	3	2
1	1	1	46.46	4.3e+06	46	0	2.15	0	0	0	0	2	3	3.928	1	3	2
1	1	1	46.54	4.3e+06	47	0	2.2	0	0	0	0	2	3	3.932	1	3	2
1	1	1	46.62	4.3e+06	48	0	2.25	0	0	0	0	2	3	3.936	1	3	2
1	1	1	46.7	4.3e+06	49	0	2.3	0	0	0	0	2	3	3.94	1	3	2
1	1	1	46.78	4.3e+06	50	0	2.35	0	0	0	0	2	3	3.944	1	3	2
1	1	1	46.86	4.3e+06	51	0	2.4	0	0	0	0	2	3	3.948	1	3	2
1	1	1	46.94	4.3e+06	21	0	2.45	0	0	0	0	2	3	3.952	1	3	2
1	1	1	47.02	4.3e+06	22	0	2.5	0	0	0	0	2	3	3.956	1	3	2
1	1	1	47.1	4.3e+06	23	0	2.55	0	0	0	0	2	3	3.96	1	3	2
1	1	1	47.18	4.4e+06	24	0	2.6	0	0	0	0	2	3	3.964	1	3	2
1	1	1	47.26	4.4e+06	25	0	2.65	0	0	0	0	2	3	3.968	1	3	2
1	1	1	47.34	4.4e+06	26	0	2.7	0	0	0	0	2	3	3.972	1	3	2
1	1	1	47.42	4.4e+06	27	0	2.75	0	0	0	0	2	3	3.976	0	3	2
1	1	1	47.5	4.4e+06	28	0	2.8	0	0	0	0	2	2	3.98	0	3	2
1	1	1	47.58	4.4e+06	29	0	2.85	0	0	0	0	2	2	3.984	0	3	2
1	1	1	47.66	4.4e+06	30	0	2.9	0	0	0	0	2	2	3.988	0	3	2
1	1	1	47.74	4.4e+06	31	0	2.95	0	0	0	0	2	2	3.6	0	3	2
1	1	1	47.82	4.4e+06	32	0	3	0	0	0	0	2	2	3.605	0	3	2
1	1	1	47.9	1.2e+06	33	0	3.05	0	0	0	0	2	2	3.61	0	3	2
1	1	1	47.98	1.2e+06	34	0	3.1	0	0	0	0	2	2	3.615	0	3	2
1	1	1	48.06	1.2e+06	35	0	3.15	0	0	0	0	2	2	3.62	0	3	2
1	1	1	48.14	1.2e+06	36	0	3.2	0	0	1	0	2	2	3.625	0	3	2
1	1	1	48.22	1.2e+06	37	0	3.25	0	0	1	0	2	2	3.63	0	3	2
1	1	1	48.3	1.2e+06	38	0	3.3	0	0	1	0	3	2	3.635	0	3	2
1	1	1	48.38	1.2e+06	39	0	3.35	0	0	1	0	3	2	3.64	0	3	2
1	1	1	48.46	1.2e+06	40	0	3.4	0	0	1	1	3	2	3.645	0	3	2
1	1	1	48.54	1.2e+06	41	0	3.45	0	0	1	1	3	2	3.65	0	3	2
1	1	1	48.62	1.2e+06	42	0	3.5	0	0	1	1	3	2	3.655	0	3	2
1	1	1	48.7	1.3e+06	43	0	3.55	0	0	1	1	3	2	3.66	0	3	2
1	1	1	48.78	1.3e+06	44	0	3.6	0	0	1	1	3	2	3.665	0	3	2
1	1	1	48.86	1.3e+06	45	0	3.65	0	0	1	1	3	2	3.67	0	3	2
1	1	1	48.94	1.3e+06	46	0	3.7	0	0	1	1	3	2	3.675	0	3	2
1	1	1	49.02	1.3e+06	47	0	3.75	0	0	1	1	3	2	3.68	0	3	2
1	1	1	49.1	1.3e+06	48	0	3.8	0	0	1	1	3	2	3.685	0	3	2
1	1	1	49.18	1.3e+06	49	0	3.85	0	0	1	1	3	2	3.69	0	3	2
1	1	1	49.26	1.3e+06	50	0	3.9	0	0	1	1	3	2	3.695	0	3	2
1	1	1	49.34	1.3e+06	51	0	3.95	0	0	1	1	3	2	3.7	0	3	2
1	1	1	49.42	1.3e+06	52	0	4	0	0	1	1	3	2	3.705	0	3	2
1	1	1	49.5	1.3e+06	53	0	4.05	0	0	1	1	3	2	3.71	0	3	2
1	1	1	49.58	1.3e+06	54	0	4.1	0	0	1	1	3	2	3.715	0	3	2
1	1	1	49.66	1.3e+06	55	0	4.15	0	0	1	1	3	2	3.72	0	3	2
1	1	1	49.74	1.3e+06	56	0	4.2	0	0	1	1	3	2	3.725	0	3	2
1	1	1	49.82	1.3e+06	57	0	4.25	0	0	1	1	3	2	3.73	0	3	2
1	1	1	49.9	1.3e+06	58	0	4.3	0	0	2	1	3	2	3.735	0	3	2
1	1	1	49.98	1.3e+06	59	0	4.35	0	0	2	1	3	2	3.74	0	3	2
1	1	1	50.06	1.3e+06	60	0	4.4	0	0	2	1	3	2	3.745	0	3	2
1	1	1	50.14	1.3e+06	61	0	4.45	0	0	2	1	3	2	3.75	0	3	2
1	1	1	50.22	1.3e+06	62	0	4.5	0	0	2	1	3	2	3.755	0	3	2
1	1	1	50.3	1.4e+06	19	0	4.55	0	0	2	1	3	2	3.76	0	3	2
1	1	1	50.38	1.4e+06	21	0	4.6	0	0	2	1	3	2	3.765	0	3	2
1	1	1	50.46	1.4e+06	23	0	4.65	0	0	2	1	3	2	3.77	0	3	2
1	1	1	50.54	1.4e+06	25	0	4.7	0	0	2	1	3	2	3.775	0	3	2
1	1	1	50.62	1.4e+06	27	0	4.75	0	0	2	1	3	2	3.78	0	3	2
1	1	1	50.7	1.4e+06	29	0	4.8	0	0	2	1	3	2	3.785	0	3	2
1	1	1	50.78	1.4e+06	31	0	4.85	0	0	2	1	3	2	3.79	0	3	2
1	1	1	50.86	1.4e+06	33	0	4.9	0	0	2	1	3	2	3.795	0	3	2
1	1	1	50.94	1.4e+06	35	0	4.95	0	0	2	1	3	2	3.8	0	3	2
1	1	1	51.02	1.4e+06	37	0	5	0	0	2	1	3	2	3.805	0	3	2
1	1	1	51.1	1.4e+06	39	0	5.92	0	0	2	1	3	2	3.81	0	3	2
1	1	1	51.18	1.4e+06	41	0	6.84	0	0	2	1	3	2	3.815	0	3	2
1	1	1	51.26	1.4e+06	43	0	7.76	0	0	2	1	3	2	3.82	0	3	2
1	0	1	51.34	1.4e+06	45	0	8.68	0	0	2	1	3	2	3.825	0	3	2
1	0	1	51.42	1.4e+06	47	0	9.6	0	0	3	1	3	2	3.83	0	3	2
1	0	1	51.5	1.4e+06	49	0	10.52	0	0	3	1	3	2	3.835	0	3	2
1	0	1	51.58	1.4e+06	51	0	11.44	0	0	3	1	3	2	3.84	0	3	2
1	0	1	51.66	1.4e+06	53	0	12.36	0	0	3	1	3	2	3.845	0	3	2
1	0	1	51.74	1.4e+06	55	0	13.28	0	0	3	1	3	2	3.85	0	3	2
1	0	1	51.82	1.4e+06	57	0	14.2	0	0	3	1	3	2	3.855	0	3	2
1	0	1	51.9	1.5e+06	41	0	15.12	0	0	3	1	3	2	3.86	0	3	2
1	0	1	51.98	1.5e+06	42	0	16.04	0	0	3	1	3	2	3.865	0	3	2
1	0	1	52.06	1.5e+06	43	0	16.96	0	0	3	1	3	2	3.87	0	3	2
1	0	1	52.14	1.5e+06	44	0	17.88	0	0	3	1	3	2	3.875	0	3	2
1	0	1	52.22	1.5e+06	45	0	18.8	0	0	3	1	3	2	3.88	0	3	2
1	0	1	52.3	1.5e+06	46	0	19.72	0	0	3	1	2	2	3.885	0	3	2
1	0	1	52.38	1.5e+06	47	0	20.64	0	0	3	1	2	2	3.89	0	3	2
1	0	1	52.46	1.5e+06	48	1	21.56	0	0	3	1	2	2	3.895	0	3	2
1	0	1	52.54	1.5e+06	49	1	22.48	0	0	3	1	2	2	3.9	0	3	2
1	0	1	52.62	1.5e+06	50	1	23.4	0	0	3	1	2	2	3.905	0	3	2
1	0	1	52.7	1.5e+06	51	1	24.32	0	0	3	1	2	2	3.91	0	3	2
1	0	1	52.78	1.5e+06	52	1	25.24	0	0	3	1	2	2	3.915	0	3	2
1	0	1	52.86	1.5e+06	53	1	26.16	0	0	3	1	2	2	3.92	0	3	2
1	0	1	52.94	1.5e+06	54	1	27.08	0	0	3	1	2	2	3.925	0	3	3
1	0	1	53.02	1.5e+06	55	1	28	1	0	3	1	2	2	3.93	0	3	3
1	0	1	53.1	1.5e+06	19	1	28.92	1	0	3	1	2	2	3.935	0	1	3
1	0	1	53.18	1.5e+06	21	1	29.84	1	0	3	1	2	2	3.94	0	1	3
1	0	1	53.26	1.5e+06	23	1	30.76	1	0	3	1	2	2	3.945	0	1	3
1	0	1	53.34	1.5e+06	25	1	31.68	1	0	3	1	2	2	3.95	0	3	3
1	0	1	53.42	1.5e+06	27	1	32.6	1	0	3	1	2	2	3.955	0	3	3
1	0	1	53.5	1.6e+06	29	1	33.52	1	0	3	1	2	2	3.96	0	1	3
1	0	1	53.58	1.6e+06	31	1	34.44	1	0	3	1	2	2	3.965	0	1	3
1	0	1	53.66	1.6e+06	33	1	35.36	1	0	3	1	2	2	3.97	0	2	3
1	0	1	53.74	1.6e+06	51	1	36.28	1	0	3	1	2	2	3.975	0	2	3
1	0	1	53.82	1.6e+06	53	1	37.2	1	0	3	1	2	2	3.98	0	2	3
1	0	1	53.9	1.6e+06	55	1	38.12	1	0	0	1	2	2	3.985	0	2	3
1	0	1	53.98	1.6e+06	57	1	39.04	1	0	0	1	2	2	3.99	0	2	3
1	0	1	54.06	1.6e+06	41	1	39.96	1	0	0	1	2	2	3.995	0	2	3
1	0	1	54.14	1.6e+06	42	1	40.88	1	0	0	1	2	2	4	0	2	3
1	0	1	54.22	1.6e+06	30	1	41.8	1	0	0	1	2	2	4.005	0	2	3
1	0	1	54.3	1.6e+06	31	1	42.72	1	0	0	1	3	2	4.01	0	2	3
1	0	1	54.38	1.6e+06	32	1	10	1	0	0	1	3	2	4.015	0	2	3
1	0	1	54.46	1.6e+06	33	1	11.3	1	0	0	1	3	2	4.02	0	2	3
1	0	1	54.54	1.6e+06	34	1	12.6	1	0	0	1	3	2	4.025	0	2	3
1	0	1	54.62	1.6e+06	35	1	13.9	1	0	0	1	3	2	4.03	0	2	3
1	0	1	54.7	1.6e+06	36	1	15.2	1	0	0	1	3	2	4.035	0	2	3
1	0	1	54.78	1.6e+06	37	1	16.5	1	0	0	1	3	2	4.04	0	2	3
1	0	1	54.86	1.6e+06	38	1	17.8	1	0	0	1	3	2	4.045	0	2	3
1	0	1	54.94	1.6e+06	39	1	19.1	1	0	0	1	3	2	4.05	0	2	3
1	0	1	55.02	1.6e+06	40	1	20.4	1	0	0	1	3	2	4.055	0	2	3
1	0	1	55.1	1.7e+06	41	1	21.7	1	0	0	1	3	2	4.06	0	2	3
1	0	1	55.18	1.7e+06	42	1	23	1	0	0	1	3	2	4.065	0	2	3
1	0	1	55.26	1.7e+06	43	1	24.3	1	0	0	1	3	2	4.07	0	2	3
1	0	1	55.34	1.7e+06	44	1	25.6	1	0	0	1	3	2	4.075	0	2	3
1	0	1	55.42	1.7e+06	45	1	26.9	1	0	0	1	3	2	4.08	0	2	3
1	0	1	55.5	1.7e+06	46	1	28.2	1	0	0	1	3	2	4.085	0	2	3
1	0	1	55.58	1.7e+06	19	1	29.5	1	0	0	1	3	2	4.09	0	2	3
1	0	1	55.66	1.7e+06	21	1	30.8	1	0	0	1	3	2	4.095	0	2	3
1	0	1	55.74	1.7e+06	23	1	32.1	1	0	1	1	3	2	4.1	0	2	3
1	0	1	55.82	1.7e+06	25	1	33.4	1	0	1	1	3	2	4.105	0	2	3
1	0	1	55.9	1.7e+06	27	1	34.7	1	0	1	1	3	2	4.11	0	2	3
1	0	1	55.98	1.7e+06	29	1	36	1	0	1	1	3	2	4.115	0	2	3
1	0	1	56.06	1.7e+06	31	1	37.3	1	0	1	1	3	2	4.12	0	2	3
1	0	1	56.14	1.7e+06	33	1	38.6	1	0	1	1	3	2	4.125	0	2	3
1	0	1	56.22	1.7e+06	51	1	39.9	1	0	1	1	3	2	4.13	0	2	3
1	0	1	56.3	1.7e+06	53	1	41.2	1	0	1	1	3	2	4.135	0	2	3
1	0	1	56.38	1.7e+06	55	1	42.5	1	0	1	1	3	2	4.14	0	2	3
1	0	1	56.46	1.7e+06	57	1	43.8	1	0	1	1	3	2	4.145	0	2	3
1	0	1	56.54	1.7e+06	41	1	45.1	1	0	1	1	3	2	4.15	0	2	3
1	0	1	56.62	1.7e+06	42	1	46.4	1	0	1	1	3	2	4.155	0	2	3
1	0	1	56.7	1.8e+06	30	1	47.7	1	0	1	1	3	2	4.16	0	2	3
1	0	1	56.78	1.8e+06	31	1	49	1	0	1	1	3	2	4.165	0	2	3
1	0	1	56.86	1.8e+06	32	1	50.3	1	0	1	1	3	2	4.17	0	2	3
1	0	1	56.94	1.8e+06	33	1	51.6	1	0	1	1	3	2	4.175	0	2	3
1	0	1	57.02	1.8e+06	34	1	52.9	1	0	1	1	3	2	4.18	0	2	3
1	0	1	57.1	1.8e+06	35	1	54.2	1	0	1	1	3	2	4.185	0	2	3
1	0	1	57.18	1.8e+06	36	1	55.5	1	0	2	1	3	2	4.19	0	2	3
1	0	1	57.26	1.8e+06	37	1	56.8	1	0	2	1	3	2	4.195	0	2	3
1	0	1	57.34	1.8e+06	38	1	58.1	1	0	2	1	3	2	4.2	0	2	3
1	0	1	57.42	1.8e+06	39	1	59.4	0	0	2	1	3	2	4.205	0	2	3
1	0	1	57.5	1.8e+06	40	1	60.7	0	0	2	1	3	2	4.21	0	2	3
1	0	1	57.58	1.8e+06	41	1	62	0	0	2	1	1	2	4.215	0	2	3
1	0	1	57.66	1.8e+06	42	1	0	0	0	2	1	1	2	4.22	0	2	3
1	0	1	57.74	1.8e+06	43	1	1.4	0	0	2	1	1	2	4.225	0	2	3
1	0	1	57.82	1.8e+06	45	1	2.8	0	0	2	1	1	2	4.23	0	2	3
1	0	1	57.9	1.8e+06	46	1	4.2	1	0	2	1	1	2	4.235	0	2	3
1	0	1	57.98	1.8e+06	19	1	5.6	1	0	2	1	1	2	4.24	0	2	3
1	1	1	58.06	1.8e+06	21	1	7	1	0	2	1	1	2	4.245	0	2	3
1	1	1	58.14	1.8e+06	23	1	8.4	1	0	2	1	1	2	4.25	0	2	3
1	1	1	58.22	1.8e+06	25	1	9.8	1	0	2	1	1	2	4.255	0	2	3
1	1	1	58.3	1.9e+06	27	1	11.2	1	0	2	1	1	2	3.1	0	2	3
1	1	1	58.38	1.9e+06	29	1	12.6	1	0	2	1	1	2	3.101	0	2	3
1	1	1	58.46	1.9e+06	31	1	14	1	0	2	1	1	2	3.102	0	2	3
1	1	1	58.54	1.9e+06	33	1	15.4	1	0	2	1	1	2	3.103	0	2	3
1	1	1	58.62	1.9e+06	51	1	16.8	1	0	2	1	1	2	3.104	0	2	3
1	1	1	58.7	1.9e+06	53	1	18.2	1	0	2	1	1	2	3.105	0	2	3
1	1	1	58.78	1.9e+06	55	1	19.6	1	0	2	1	1	2	3.106	0	2	3
1	1	1	58.86	1.9e+06	57	1	21	1	0	2	1	1	2	3.107	0	2	3
1	1	1	58.94	1.9e+06	41	1	22.4	1	0	2	1	1	2	3.108	0	2	3
1	1	1	59.02	1.9e+06	42	1	23.8	1	0	2	1	1	2	3.109	0	2	3
1	1	1	59.1	1.9e+06	41	1	25.2	1	0	2	1	1	2	3.11	0	2	3
1	1	1	59.18	1.9e+06	42	1	26.6	1	0	2	1	1	2	3.111	0	2	3
1	1	1	59.26	1.9e+06	43	1	28	1	0	2	1	1	2	3.112	0	3	3
1	1	1	59.34	1.9e+06	45	1	29.4	1	0	2	1	1	2	3.113	0	3	3
1	1	1	59.42	1.9e+06	46	1	30.8	1	0	2	1	1	2	3.114	0	3	3
1	1	1	59.5	1.9e+06	19	1	32.2	1	0	2	1	1	2	3.115	0	3	3
1	1	1	59.58	1.9e+06	21	1	33.6	1	0	2	1	1	2	3.116	0	3	3
1	1	1	59.66	1.9e+06	23	1	35	1	0	2	1	1	2	3.117	0	3	3
1	1	1	59.74	1.9e+06	25	1	36.4	0	0	0	1	1	2	3.118	0	3	3
1	1	1	59.82	1.9e+06	27	1	37.8	1	0	0	1	1	2	3.119	0	3	3
1	1	1	59.9	2.0e+06	29	1	39.2	0	0	0	1	1	2	3.12	0	3	3
1	1	1	59.98	2.0e+06	31	1	40.6	0	0	0	1	1	2	3.121	0	3	3
1	1	1	60.06	2.0e+06	33	1	42	0	0	0	1	1	2	3.122	0	3	3
1	1	1	60.14	2.0e+06	51	1	3	0	0	0	1	1	2	3.123	0	3	3
1	1	1	60.22	2.0e+06	53	1	3.9	0	0	0	1	1	2	3.124	0	3	3
1	1	1	60.3	2.0e+06	55	1	4.8	0	0	0	1	1	2	3.125	0	3	3
1	1	1	60.38	2.0e+06	57	1	5.7	0	0	0	1	1	2	3.126	0	3	3
1	1	1	60.46	2.0e+06	41	1	6.6	0	0	0	1	1	2	3.127	0	3	3
1	1	1	60.54	2.0e+06	42	1	7.5	0	0	0	1	1	2	3.128	0	3	3
1	1	1	60.62	2.0e+06	18	1	8.4	0	0	0	1	1	2	3.129	0	3	3
1	1	1	60.7	2.0e+06	19	1	9.3	0	0	0	1	1	2	3.13	0	3	3
1	1	1	60.78	2.0e+06	20	1	10.2	0	0	0	1	1	2	3.131	0	3	3
1	1	1	60.86	2.0e+06	21	1	11.1	0	0	0	1	1	2	3.132	0	3	3
1	1	1	60.94	2.0e+06	22	1	12	0	0	0	1	1	2	3.133	0	3	3
1	1	1	61.02	2.0e+06	23	1	12.9	0	0	0	1	1	2	3.134	0	3	3
1	1	1	61.1	2.0e+06	24	1	13.8	0	0	0	1	1	2	3.135	0	3	3
1	1	1	61.18	2.0e+06	25	1	14.7	0	0	0	1	1	2	3.136	0	3	3
1	1	1	61.26	2.0e+06	26	1	15.6	0	0	0	1	1	2	3.137	0	3	3
1	1	1	61.34	2.0e+06	27	1	16.5	0	0	0	1	1	2	3.138	0	3	3
1	1	1	61.42	2.0e+06	28	1	17.4	0	0	0	1	1	2	3.139	0	3	3
1	1	1	61.5	2.1e+06	29	1	18.3	0	0	0	1	1	2	3.14	0	3	3
1	1	1	61.58	2.1e+06	30	1	19.2	0	0	0	1	1	2	3.141	0	3	3
1	1	1	61.66	2.1e+06	31	1	20.1	0	0	0	1	1	2	3.142	0	3	3
1	1	1	61.74	2.1e+06	32	1	21	0	0	0	1	1	2	3.143	0	3	3
1	1	1	61.82	2.1e+06	33	1	21.9	0	0	0	1	1	2	3.144	0	3	3
1	1	1	61.9	2.1e+06	34	1	22.8	0	0	0	1	1	2	3.145	0	3	3
1	1	1	61.98	2.1e+06	35	1	23.7	0	0	0	1	1	2	3.146	0	3	3
1	1	1	62.06	2.1e+06	36	1	24.6	0	0	0	1	1	2	3.147	1	3	3
1	1	1	62.14	2.1e+06	37	1	25.5	0	0	0	1	1	2	3.148	1	3	3
1	1	1	62.22	2.1e+06	38	1	26.4	0	0	0	1	1	2	3.149	1	3	3
1	1	1	62.3	2.1e+06	39	1	27.3	0	0	0	1	1	2	3.15	1	3	3
1	1	1	62.38	2.1e+06	40	1	28.2	0	0	0	1	1	2	3.151	1	3	3
1	1	1	62.46	2.1e+06	41	1	29.1	0	0	0	1	1	2	3.152	1	3	3
1	1	1	62.54	2.1e+06	42	1	30	0	1	0	1	1	2	3.153	1	3	3
1	1	1	62.62	2.1e+06	43	1	30.9	0	1	0	1	2	2	3.154	1	3	3
1	1	1	62.7	2.1e+06	44	1	31.8	0	1	0	1	2	2	3.155	1	3	3
1	1	1	62.78	2.1e+06	45	1	32.7	0	1	0	1	2	2	3.156	1	3	3
1	1	1	25.6	2.1e+06	46	1	33.6	0	1	0	1	2	2	3.157	1	3	3
1	1	1	25.675	2.1e+06	47	1	34.5	0	1	0	1	2	2	3.158	1	3	3
1	1	1	25.75	2.1e+06	48	1	35.4	0	1	0	1	2	2	3.159	1	3	3
1	1	1	25.825	2.2e+06	49	1	36.3	0	1	0	1	2	2	3.16	1	3	3
1	1	1	25.9	2.2e+06	50	1	37.2	0	1	0	1	2	2	3.161	1	3	3
1	1	1	25.975	2.2e+06	19	1	38.1	0	1	0	1	2	2	3.162	1	3	3
1	1	1	26.05	2.2e+06	21	1	39	0	1	0	1	3	2	3.163	1	3	3
1	1	1	26.125	2.2e+06	23	1	39.9	0	1	0	1	3	2	3.164	1	3	3
1	1	1	26.2	2.2e+06	25	1	40.8	0	1	0	1	3	2	3.165	1	3	3
1	1	1	26.275	2.2e+06	27	1	41.7	0	1	0	1	3	2	3.166	1	3	3
1	1	1	26.35	2.2e+06	29	1	42.6	0	1	0	1	3	2	3.167	1	3	3
1	1	1	26.425	2.2e+06	31	1	43.5	0	1	0	1	3	2	3.168	1	3	3
1	1	1	26.5	2.2e+06	33	1	44.4	0	1	0	1	3	2	3.169	1	3	3
1	1	1	26.575	2.2e+06	35	1	45.3	0	1	0	1	3	1	3.17	1	3	3
1	1	1	26.65	2.2e+06	37	1	46.2	0	1	0	1	3	1	3.171	1	3	3
1	1	1	26.725	2.2e+06	39	1	10	0	1	0	1	3	1	3.172	1	3	3
1	1	1	26.8	2.2e+06	41	1	10	0	1	0	1	3	1	3.173	1	3	3
1	1	1	26.875	2.2e+06	43	1	10	0	1	0	1	3	1	3.174	1	3	3
1	1	1	26.875	2.2e+06	43	1	10	0	1	0	1	3	1	3.174	1	3	3
